174.796882814605 -36.8271664787971
174.796882814605 -36.8271664787971
NA NA
175.029850030241 -36.796134935953
175.029850030241 -36.796134935953
NA NA
174.909265315048 -41.2807802818778
174.774227343104 -41.2724644521323
NA NA
174.784107695625 -36.8265671801027
174.762769143314 -36.847071038916
NA NA
175.029850030241 -36.796134935953
174.759640826964 -36.8646261257344
NA NA
174.806598523181 -36.8253976592806
174.776462940116 -36.8460198881885
NA NA
174.777979007442 -36.8141165956071
174.768239147375 -36.8473685318288
NA NA
174.896650147706 -36.8860238123918
174.765249719116 -36.8477410359746
NA NA
174.796882814605 -36.8271664787971
174.757888266942 -36.843309395947
NA NA
174.788183950714 -36.8051774740698
174.756591240391 -36.8485780685531
NA NA
174.796610467911 -36.8156936718305
174.777980522584 -36.8567926110437
NA NA
174.823257323733 -36.6050980286547
174.776462940116 -36.8460198881885
NA NA
174.806598523181 -36.8253976592806
174.762769143314 -36.847071038916
NA NA
174.796610467911 -36.8156936718305
174.765937739525 -36.8549853382495
NA NA
174.661722026167 -36.7969162513548
174.776462940116 -36.8460198881885
NA NA
175.052186129936 -36.7792755567247
174.776462940116 -36.8460198881885
NA NA
174.784107695625 -36.8265671801027
174.765249719116 -36.8477410359746
NA NA
174.661722026167 -36.7969162513548
174.765249719116 -36.8477410359746
NA NA
175.052204654571 -36.7926383194179
174.757888266942 -36.843309395947
NA NA
174.999654020414 -36.7876752419494
174.768285484651 -36.8601317792491
NA NA
174.694195272734 -36.807147820923
174.776462940116 -36.8460198881885
NA NA
174.943282377685 -36.8976556872623
174.757888266942 -36.843309395947
NA NA
174.946451221488 -36.9083081604032
174.757888266942 -36.843309395947
NA NA
174.796882814605 -36.8271664787971
174.765249719116 -36.8477410359746
NA NA
174.79413674243 -36.6094965754631
174.765249719116 -36.8477410359746
NA NA
174.795980055919 -36.6231957461629
174.768239147375 -36.8473685318288
NA NA
175.003161116876 -36.8963182191775
174.762769143314 -36.847071038916
NA NA
174.79413674243 -36.6094965754631
174.762769143314 -36.847071038916
NA NA
175.037971115677 -36.8877486705506
174.776462940116 -36.8460198881885
NA NA
174.776949564965 -36.800622958208
174.765249719116 -36.8477410359746
NA NA
175.037971115677 -36.8877486705506
174.762769143314 -36.847071038916
NA NA
174.913490734749 -36.8767443290734
174.762769143314 -36.847071038916
NA NA
174.784107695625 -36.8265671801027
174.766411487788 -36.8569099937036
NA NA
174.637041034385 -36.8105403778377
174.762769143314 -36.847071038916
NA NA
174.707640624195 -36.8004217626228
174.765249719116 -36.8477410359746
NA NA
174.637041034385 -36.8105403778377
174.756591240391 -36.8485780685531
NA NA
174.777979007442 -36.8141165956071
174.765249719116 -36.8477410359746
NA NA
175.003161116876 -36.8963182191775
174.768239147375 -36.8473685318288
NA NA
174.930402487472 -36.8871594637471
174.757888266942 -36.843309395947
NA NA
174.788183950714 -36.8051774740698
174.777980522584 -36.8567926110437
NA NA
174.997831596595 -36.8826267373101
174.762769143314 -36.847071038916
NA NA
174.661722026167 -36.7969162513548
174.757888266942 -36.843309395947
NA NA
174.903790703135 -36.8606862813175
174.765249719116 -36.8477410359746
NA NA
174.788183950714 -36.8051774740698
174.776462940116 -36.8460198881885
NA NA
174.79413674243 -36.6094965754631
174.757888266942 -36.843309395947
NA NA
175.037971115677 -36.8877486705506
174.757888266942 -36.843309395947
NA NA
174.930387999667 -36.9008862123647
174.757888266942 -36.843309395947
NA NA
174.806598523181 -36.8253976592806
174.761347958044 -36.8543330298959
NA NA
174.784107695625 -36.8265671801027
174.768239147375 -36.8473685318288
NA NA
174.896650147706 -36.8860238123918
174.762769143314 -36.847071038916
NA NA
174.79413674243 -36.6094965754631
174.776462940116 -36.8460198881885
NA NA
174.896650147706 -36.8860238123918
174.776462940116 -36.8460198881885
NA NA
174.894322196316 -41.3003156212832
174.775725930044 -41.2849344993157
NA NA
174.896650147706 -36.8860238123918
174.768239147375 -36.8473685318288
NA NA
174.730311977759 -36.8160193672445
174.765249719116 -36.8477410359746
NA NA
174.999654020414 -36.7876752419494
174.769064684187 -36.8514305649499
NA NA
175.052204654571 -36.7926383194179
174.769064684187 -36.8514305649499
NA NA
174.636959826667 -36.8180234153085
174.757888266942 -36.843309395947
NA NA
175.029850030241 -36.796134935953
174.777980522584 -36.8567926110437
NA NA
174.904946597457 -36.8864556813573
174.776462940116 -36.8460198881885
NA NA
175.12796936707 -36.7979805525782
174.765249719116 -36.8477410359746
NA NA
174.795980055919 -36.6231957461629
174.762769143314 -36.847071038916
NA NA
174.999654020414 -36.7876752419494
174.777062988926 -36.868538887592
NA NA
175.003161116876 -36.8963182191775
174.776462940116 -36.8460198881885
NA NA
174.744518372892 -36.8161185388025
174.765249719116 -36.8477410359746
NA NA
175.003161116876 -36.8963182191775
174.757888266942 -36.843309395947
NA NA
175.029850030241 -36.796134935953
174.757888266942 -36.843309395947
NA NA
174.788183950714 -36.8051774740698
174.765249719116 -36.8477410359746
NA NA
175.029850030241 -36.796134935953
174.769064684187 -36.8514305649499
NA NA
175.078398056298 -36.7958437263322
174.777980522584 -36.8567926110437
NA NA
174.744518372892 -36.8161185388025
174.776462940116 -36.8460198881885
NA NA
175.078398056298 -36.7958437263322
174.776462940116 -36.8460198881885
NA NA
174.730311977759 -36.8160193672445
174.757888266942 -36.843309395947
NA NA
175.029850030241 -36.796134935953
174.765249719116 -36.8477410359746
NA NA
175.052204654571 -36.7926383194179
174.776462940116 -36.8460198881885
NA NA
175.052186129936 -36.7792755567247
174.777980522584 -36.8567926110437
NA NA
174.796610467911 -36.8156936718305
174.762769143314 -36.847071038916
NA NA
174.788183950714 -36.8051774740698
174.768239147375 -36.8473685318288
NA NA
174.79413674243 -36.6094965754631
174.768239147375 -36.8473685318288
NA NA
175.037971115677 -36.8877486705506
174.768239147375 -36.8473685318288
NA NA
174.806598523181 -36.8253976592806
174.768239147375 -36.8473685318288
NA NA
174.909265315048 -41.2807802818778
174.775725930044 -41.2849344993157
NA NA
174.796882814605 -36.8271664787971
174.768239147375 -36.8473685318288
NA NA
174.796882814605 -36.8271664787971
174.756591240391 -36.8485780685531
NA NA
174.777979007442 -36.8141165956071
174.757888266942 -36.843309395947
NA NA
174.637041034385 -36.8105403778377
174.768239147375 -36.8473685318288
NA NA
174.806598523181 -36.8253976592806
174.777062988926 -36.868538887592
NA NA
174.637041034385 -36.8105403778377
174.776462940116 -36.8460198881885
NA NA
174.896650147706 -36.8860238123918
174.757888266942 -36.843309395947
NA NA
174.68619138841 -36.7932763575301
174.776462940116 -36.8460198881885
NA NA
174.661722026167 -36.7969162513548
174.769064684187 -36.8514305649499
NA NA
175.029850030241 -36.796134935953
174.762769143314 -36.847071038916
NA NA
175.052204654571 -36.7926383194179
174.777980522584 -36.8567926110437
NA NA
175.052186129936 -36.7792755567247
174.762769143314 -36.847071038916
NA NA
174.712872038052 -36.8063822254728
174.776462940116 -36.8460198881885
NA NA
174.79413674243 -36.6094965754631
174.756591240391 -36.8485780685531
NA NA
174.999654020414 -36.7876752419494
174.756591240391 -36.8485780685531
NA NA
174.777040036658 -36.616639037861
174.776462940116 -36.8460198881885
NA NA
174.784107695625 -36.8265671801027
174.776462940116 -36.8460198881885
NA NA
174.796882814605 -36.8271664787971
174.769064684187 -36.8514305649499
NA NA
175.037971115677 -36.8877486705506
174.765249719116 -36.8477410359746
NA NA
174.796882814605 -36.8271664787971
174.777980522584 -36.8567926110437
NA NA
174.796610467911 -36.8156936718305
174.768285484651 -36.8601317792491
NA NA
174.999654020414 -36.7876752419494
174.768239147375 -36.8473685318288
NA NA
174.796882814605 -36.8271664787971
174.762769143314 -36.847071038916
NA NA
174.796882814605 -36.8271664787971
174.776462940116 -36.8460198881885
NA NA
174.777979007442 -36.8141165956071
174.756591240391 -36.8485780685531
NA NA
174.894322196316 -41.3003156212832
174.774227343104 -41.2724644521323
NA NA
174.796882814605 -36.8271664787971
174.759640826964 -36.8646261257344
NA NA
174.784107695625 -36.8265671801027
174.769064684187 -36.8514305649499
NA NA
174.730311977759 -36.8160193672445
174.776462940116 -36.8460198881885
NA NA
175.029850030241 -36.796134935953
174.776462940116 -36.8460198881885
NA NA
175.029850030241 -36.796134935953
174.768239147375 -36.8473685318288
NA NA
172.735081808405 -43.6307041088383
172.706491715286 -43.6070273035217
NA NA
174.806598523181 -36.8253976592806
174.777980522584 -36.8567926110437
NA NA
174.710499768028 -36.8183658782807
174.768239147375 -36.8473685318288
NA NA
174.636959826667 -36.8180234153085
174.768239147375 -36.8473685318288
NA NA
175.029850030241 -36.796134935953
174.777062988926 -36.868538887592
NA NA
174.796882814605 -36.8271664787971
174.765937739525 -36.8549853382495
NA NA
174.997831596595 -36.8826267373101
174.757888266942 -36.843309395947
NA NA
174.796610467911 -36.8156936718305
174.777062988926 -36.868538887592
NA NA
175.078398056298 -36.7958437263322
174.765249719116 -36.8477410359746
NA NA
175.078398056298 -36.7958437263322
174.762769143314 -36.847071038916
NA NA
174.637041034385 -36.8105403778377
174.765249719116 -36.8477410359746
NA NA
175.003161116876 -36.8963182191775
174.765249719116 -36.8477410359746
NA NA
175.037971115677 -36.8877486705506
174.756591240391 -36.8485780685531
NA NA
174.795980055919 -36.6231957461629
174.757888266942 -36.843309395947
NA NA
174.784107695625 -36.8265671801027
174.777980522584 -36.8567926110437
NA NA
174.806598523181 -36.8253976592806
174.765249719116 -36.8477410359746
NA NA
174.913490734749 -36.8767443290734
174.776462940116 -36.8460198881885
NA NA
174.999654020414 -36.7876752419494
174.765249719116 -36.8477410359746
NA NA
175.12796936707 -36.7979805525782
174.757888266942 -36.843309395947
NA NA
174.904946597457 -36.8864556813573
174.757888266942 -36.843309395947
NA NA
174.636959826667 -36.8180234153085
174.776462940116 -36.8460198881885
NA NA
174.796610467911 -36.8156936718305
174.757888266942 -36.843309395947
NA NA
174.806598523181 -36.8253976592806
174.766411487788 -36.8569099937036
NA NA
175.029850030241 -36.796134935953
174.756591240391 -36.8485780685531
NA NA
174.796882814605 -36.8271664787971
174.761347958044 -36.8543330298959
NA NA
174.806598523181 -36.8253976592806
174.757888266942 -36.843309395947
NA NA
174.999654020414 -36.7876752419494
174.757888266942 -36.843309395947
NA NA
174.68619138841 -36.7932763575301
174.765249719116 -36.8477410359746
NA NA
174.796610467911 -36.8156936718305
174.769064684187 -36.8514305649499
NA NA
174.796610467911 -36.8156936718305
174.768239147375 -36.8473685318288
NA NA
174.777979007442 -36.8141165956071
174.769064684187 -36.8514305649499
NA NA
174.903790703135 -36.8606862813175
174.776462940116 -36.8460198881885
NA NA
174.999654020414 -36.7876752419494
174.776462940116 -36.8460198881885
NA NA
174.806598523181 -36.8253976592806
174.756591240391 -36.8485780685531
NA NA
174.661722026167 -36.7969162513548
174.762769143314 -36.847071038916
NA NA
174.796882814605 -36.8271664787971
174.777062988926 -36.868538887592
NA NA
174.806598523181 -36.8253976592806
174.769064684187 -36.8514305649499
NA NA
175.052204654571 -36.7926383194179
174.765249719116 -36.8477410359746
NA NA
174.661722026167 -36.7969162513548
174.756591240391 -36.8485780685531
NA NA
174.796882814605 -36.8271664787971
174.768285484651 -36.8601317792491
NA NA
174.930402487472 -36.8871594637471
174.776462940116 -36.8460198881885
NA NA
174.777979007442 -36.8141165956071
174.777062988926 -36.868538887592
NA NA
174.788183950714 -36.8051774740698
174.762769143314 -36.847071038916
NA NA
174.796610467911 -36.8156936718305
174.756591240391 -36.8485780685531
NA NA
174.776949564965 -36.800622958208
174.776462940116 -36.8460198881885
NA NA
174.637041034385 -36.8105403778377
174.757888266942 -36.843309395947
NA NA
174.997831596595 -36.8826267373101
174.776462940116 -36.8460198881885
NA NA
174.903790703135 -36.8606862813175
174.757888266942 -36.843309395947
NA NA
174.68619138841 -36.7932763575301
174.768239147375 -36.8473685318288
NA NA
174.823257323733 -36.6050980286547
174.768239147375 -36.8473685318288
NA NA
174.730311977759 -36.8160193672445
174.768239147375 -36.8473685318288
NA NA
175.052186129936 -36.7792755567247
174.765249719116 -36.8477410359746
NA NA
174.909265315048 -41.2807802818778
174.774695309909 -41.2910192006764
NA NA
174.777979007442 -36.8141165956071
174.762769143314 -36.847071038916
NA NA
174.795980055919 -36.6231957461629
174.765249719116 -36.8477410359746
NA NA
174.795980055919 -36.6231957461629
174.776462940116 -36.8460198881885
NA NA
174.744518372892 -36.8161185388025
174.768239147375 -36.8473685318288
NA NA
174.730311977759 -36.8160193672445
174.762769143314 -36.847071038916
NA NA
174.661722026167 -36.7969162513548
174.768239147375 -36.8473685318288
NA NA
175.078398056298 -36.7958437263322
174.768239147375 -36.8473685318288
NA NA
175.029850030241 -36.796134935953
174.752085507611 -36.8618195881536
NA NA
175.052186129936 -36.7792755567247
174.757888266942 -36.843309395947
NA NA
175.052204654571 -36.7926383194179
174.768285484651 -36.8601317792491
NA NA
174.796610467911 -36.8156936718305
174.765249719116 -36.8477410359746
NA NA
175.052186129936 -36.7792755567247
174.768239147375 -36.8473685318288
NA NA
174.894322196316 -41.3003156212832
174.782803658407 -41.2920603374868
NA NA
174.628128484157 -36.8098662585268
174.776462940116 -36.8460198881885
NA NA
174.894322196316 -41.3003156212832
174.787726387487 -41.2762482181292
NA NA
174.784107695625 -36.8265671801027
174.757888266942 -36.843309395947
NA NA
174.796610467911 -36.8156936718305
174.776462940116 -36.8460198881885
NA NA
174.777979007442 -36.8141165956071
174.776462940116 -36.8460198881885
NA NA
174.796882814605 -36.8271664787971
174.750417094862 -36.8522012837142
NA NA
