172.775549964926 -34.505452761579
172.775549964926 -34.505452761579
NA NA
174.000952462578 -35.279918217088
174.000952462578 -35.279918217088
NA NA
173.805365162984 -35.5471552633792
173.805365162984 -35.5471552633792
NA NA
174.141327590464 -35.478255354797
174.141327590464 -35.478255354797
NA NA
174.002316403194 -35.6530195554016
174.002316403194 -35.6530195554016
NA NA
174.33501130012 -35.4899199903669
174.33501130012 -35.4899199903669
NA NA
174.286656721275 -35.6294436702914
174.286656721275 -35.6294436702914
NA NA
174.154737286919 -35.762063707637
174.154737286919 -35.762063707637
NA NA
174.215956206244 -35.8958869541193
174.215956206244 -35.8958869541193
NA NA
174.383903185106 -35.9149680129306
174.383903185106 -35.9149680129306
NA NA
173.651242896641 -35.7290018103454
173.651242896641 -35.7290018103454
NA NA
173.970891533573 -35.8769628678996
173.970891533573 -35.8769628678996
NA NA
174.146497818162 -36.0847705955192
174.146497818162 -36.0847705955192
NA NA
174.323319955403 -36.2062241081076
174.323319955403 -36.2062241081076
NA NA
174.478316386937 -36.3161433690798
174.478316386937 -36.3161433690798
NA NA
174.626380470413 -36.2543382253656
174.626380470413 -36.2543382253656
NA NA
174.312273731855 -36.593532039785
174.312273731855 -36.593532039785
NA NA
174.686699212732 -36.3409781498809
174.686699212732 -36.3409781498809
NA NA
175.423163671667 -36.2010980081803
175.423163671667 -36.2010980081803
NA NA
174.784107695625 -36.8265671801027
174.784107695625 -36.8265671801027
NA NA
174.777980522584 -36.8567926110437
174.777980522584 -36.8567926110437
NA NA
175.052204654571 -36.7926383194179
175.052204654571 -36.7926383194179
NA NA
174.755272050841 -37.201834880537
174.755272050841 -37.201834880537
NA NA
175.693563952046 -36.8336234016322
175.693563952046 -36.8336234016322
NA NA
175.660873963092 -37.2372644597092
175.660873963092 -37.2372644597092
NA NA
175.86658896432 -37.2134928086305
175.86658896432 -37.2134928086305
NA NA
175.396490709909 -37.2639821915526
175.396490709909 -37.2639821915526
NA NA
175.543536890982 -37.2381933577624
175.543536890982 -37.2381933577624
NA NA
175.482485559081 -37.3552920049842
175.482485559081 -37.3552920049842
NA NA
175.578646025883 -37.3934552376283
175.578646025883 -37.3934552376283
NA NA
175.784321903773 -37.4366188563904
175.784321903773 -37.4366188563904
NA NA
174.775092059099 -37.2913273706996
174.775092059099 -37.2913273706996
NA NA
175.175802087102 -37.1550062945665
175.175802087102 -37.1550062945665
NA NA
175.090122119952 -37.3896672041507
175.090122119952 -37.3896672041507
NA NA
175.045561875934 -37.6970794655064
175.045561875934 -37.6970794655064
NA NA
175.191283090397 -37.5304372469408
175.191283090397 -37.5304372469408
NA NA
175.30852178642 -37.4238126586456
175.30852178642 -37.4238126586456
NA NA
175.317185899634 -37.5709866936702
175.317185899634 -37.5709866936702
NA NA
174.938211656109 -37.8832263353074
174.938211656109 -37.8832263353074
NA NA
175.188442153932 -37.6585838723825
175.188442153932 -37.6585838723825
NA NA
175.274963554642 -37.6593963733951
175.274963554642 -37.6593963733951
NA NA
175.338919899552 -37.7485152821035
175.338919899552 -37.7485152821035
NA NA
175.4329609405 -37.7396304263792
175.4329609405 -37.7396304263792
NA NA
175.423053126837 -37.7999956161011
175.423053126837 -37.7999956161011
NA NA
175.464801711808 -37.5213221364476
175.464801711808 -37.5213221364476
NA NA
175.628671974168 -37.5007361601419
175.628671974168 -37.5007361601419
NA NA
175.593494608708 -37.6416337311142
175.593494608708 -37.6416337311142
NA NA
175.524807959295 -37.6990334432073
175.524807959295 -37.6990334432073
NA NA
175.768350529927 -37.5977278724754
175.768350529927 -37.5977278724754
NA NA
175.704967167705 -37.6435436469793
175.704967167705 -37.6435436469793
NA NA
175.745624592591 -37.7160366341449
175.745624592591 -37.7160366341449
NA NA
175.734970497937 -37.787640741681
175.734970497937 -37.787640741681
NA NA
175.845790038726 -37.7728625083669
175.845790038726 -37.7728625083669
NA NA
175.720595428476 -37.8761015621069
175.720595428476 -37.8761015621069
NA NA
175.873069661814 -37.8715360758904
175.873069661814 -37.8715360758904
NA NA
175.127697276948 -37.9251128893385
175.127697276948 -37.9251128893385
NA NA
175.205007655598 -37.8655026791908
175.205007655598 -37.8655026791908
NA NA
175.293653888887 -37.8523753076526
175.293653888887 -37.8523753076526
NA NA
175.242707820987 -37.9301152529252
175.242707820987 -37.9301152529252
NA NA
175.354058909297 -37.8842645480752
175.354058909297 -37.8842645480752
NA NA
175.257910469158 -38.0237111331972
175.257910469158 -38.0237111331972
NA NA
175.348641564057 -37.9496270620688
175.348641564057 -37.9496270620688
NA NA
175.568948651865 -37.8710907187596
175.568948651865 -37.8710907187596
NA NA
175.416304777582 -37.9342369159097
175.416304777582 -37.9342369159097
NA NA
175.43705434762 -38.0212391526886
175.43705434762 -38.0212391526886
NA NA
175.597404942085 -37.9900196325843
175.597404942085 -37.9900196325843
NA NA
175.548522162757 -38.0989758882951
175.548522162757 -38.0989758882951
NA NA
175.139966134459 -38.125419317672
175.139966134459 -38.125419317672
NA NA
175.259448787588 -38.1202620021167
175.259448787588 -38.1202620021167
NA NA
175.216773626659 -38.1831849490076
175.216773626659 -38.1831849490076
NA NA
175.353397083416 -38.2598571176429
175.353397083416 -38.2598571176429
NA NA
175.551365034179 -38.2851842123541
175.551365034179 -38.2851842123541
NA NA
175.814296163559 -37.9591601837117
175.814296163559 -37.9591601837117
NA NA
175.732443720904 -38.0965779253801
175.732443720904 -38.0965779253801
NA NA
175.796703594786 -38.2913111882617
175.796703594786 -38.2913111882617
NA NA
174.803645365549 -38.451664358061
174.803645365549 -38.451664358061
NA NA
175.069383445522 -38.2835530472893
175.069383445522 -38.2835530472893
NA NA
175.020221195895 -38.5422892012298
175.020221195895 -38.5422892012298
NA NA
175.276573662693 -38.4583932773219
175.276573662693 -38.4583932773219
NA NA
175.78064218695 -38.5121437729646
175.78064218695 -38.5121437729646
NA NA
176.094777455904 -38.5213700371377
176.094777455904 -38.5213700371377
NA NA
175.731669789392 -38.8719106712228
175.731669789392 -38.8719106712228
NA NA
176.262177338449 -38.6844319801025
176.262177338449 -38.6844319801025
NA NA
176.470590909047 -38.7183887423509
176.470590909047 -38.7183887423509
NA NA
175.893937957034 -37.6168851524253
175.893937957034 -37.6168851524253
NA NA
176.272911532871 -37.8063386506982
176.272911532871 -37.8063386506982
NA NA
176.334625745863 -37.8554332716194
176.334625745863 -37.8554332716194
NA NA
176.496144745535 -37.8930545610661
176.496144745535 -37.8930545610661
NA NA
176.129318982599 -38.0169750676015
176.129318982599 -38.0169750676015
NA NA
176.15742502965 -38.143473513263
176.15742502965 -38.143473513263
NA NA
176.199500486246 -38.3265855999841
176.199500486246 -38.3265855999841
NA NA
176.456972107929 -38.2576321768752
176.456972107929 -38.2576321768752
NA NA
176.350431000131 -38.439037134609
176.350431000131 -38.439037134609
NA NA
176.800438032675 -37.9384640557928
176.800438032675 -37.9384640557928
NA NA
176.749948541176 -38.0412854320724
176.749948541176 -38.0412854320724
NA NA
176.908438548798 -37.9839362140048
176.908438548798 -37.9839362140048
NA NA
176.831646747598 -38.5947792214745
176.831646747598 -38.5947792214745
NA NA
177.021738723947 -38.2822531460892
177.021738723947 -38.2822531460892
NA NA
177.201717695034 -38.0467261425534
177.201717695034 -38.0467261425534
NA NA
177.3479922936 -38.0284596790458
177.3479922936 -38.0284596790458
NA NA
178.253096338932 -37.6845730299601
178.253096338932 -37.6845730299601
NA NA
177.707339679547 -38.3412754843294
177.707339679547 -38.3412754843294
NA NA
178.14017739277 -38.0790863190638
178.14017739277 -38.0790863190638
NA NA
177.633314841476 -38.6784208421595
177.633314841476 -38.6784208421595
NA NA
178.156829206698 -38.4322622034225
178.156829206698 -38.4322622034225
NA NA
177.057060113159 -38.9717568992592
177.057060113159 -38.9717568992592
NA NA
177.349972410744 -38.795682106857
177.349972410744 -38.795682106857
NA NA
177.418980761618 -39.0390846915995
177.418980761618 -39.0390846915995
NA NA
177.715819463977 -38.9804202568814
177.715819463977 -38.9804202568814
NA NA
176.643006974054 -39.1974587363445
176.643006974054 -39.1974587363445
NA NA
176.498014750848 -39.4757515355788
176.498014750848 -39.4757515355788
NA NA
176.296995178921 -39.6263497572807
176.296995178921 -39.6263497572807
NA NA
176.934885062557 -39.7652495993689
176.934885062557 -39.7652495993689
NA NA
176.417092557383 -39.8037837362157
176.417092557383 -39.8037837362157
NA NA
176.312731416592 -39.9416087153008
176.312731416592 -39.9416087153008
NA NA
176.762648583889 -39.9900371677406
176.762648583889 -39.9900371677406
NA NA
176.533377165785 -40.2071666095721
176.533377165785 -40.2071666095721
NA NA
173.942188829291 -39.193187610459
173.942188829291 -39.193187610459
NA NA
174.06017628201 -39.1810293453375
174.06017628201 -39.1810293453375
NA NA
174.624339017909 -38.9232106930897
174.624339017909 -38.9232106930897
NA NA
174.163885924441 -39.1346922422455
174.163885924441 -39.1346922422455
NA NA
174.343132372654 -39.0409979754719
174.343132372654 -39.0409979754719
NA NA
174.181167274698 -39.227933052247
174.181167274698 -39.227933052247
NA NA
174.185365415584 -39.3401956757889
174.185365415584 -39.3401956757889
NA NA
174.629725229986 -39.240716881044
174.629725229986 -39.240716881044
NA NA
174.348301984078 -39.3171187945498
174.348301984078 -39.3171187945498
NA NA
173.871595096407 -39.3136019270146
173.871595096407 -39.3136019270146
NA NA
173.975420326408 -39.4477193807533
173.975420326408 -39.4477193807533
NA NA
174.229804531598 -39.4345251315595
174.229804531598 -39.4345251315595
NA NA
174.12379577222 -39.5177806116827
174.12379577222 -39.5177806116827
NA NA
174.299035656886 -39.4310866001485
174.299035656886 -39.4310866001485
NA NA
174.217587996017 -39.5375084057677
174.217587996017 -39.5375084057677
NA NA
174.493470343442 -39.43904820476
174.493470343442 -39.43904820476
NA NA
174.448963180844 -39.5384335817258
174.448963180844 -39.5384335817258
NA NA
174.745566949654 -39.6106749367051
174.745566949654 -39.6106749367051
NA NA
174.57529166688 -39.7838470068046
174.57529166688 -39.7838470068046
NA NA
175.002980221879 -38.8669624757781
175.002980221879 -38.8669624757781
NA NA
175.371933561493 -39.1163015562898
175.371933561493 -39.1163015562898
NA NA
175.167664995506 -39.3623632428603
175.167664995506 -39.3623632428603
NA NA
174.902882935677 -39.8434467554119
174.902882935677 -39.8434467554119
NA NA
175.894429579722 -39.5956681751471
175.894429579722 -39.5956681751471
NA NA
175.257738953687 -40.0113956020906
175.257738953687 -40.0113956020906
NA NA
175.525474948839 -39.8895864995434
175.525474948839 -39.8895864995434
NA NA
175.377396281849 -40.1098380531946
175.377396281849 -40.1098380531946
NA NA
175.284775812437 -40.17938556762
175.284775812437 -40.17938556762
NA NA
175.696038706027 -40.008176858032
175.696038706027 -40.008176858032
NA NA
175.394914613449 -40.2145941220065
175.394914613449 -40.2145941220065
NA NA
175.29067179519 -40.3282879737775
175.29067179519 -40.3282879737775
NA NA
175.472231089809 -40.2499682895021
175.472231089809 -40.2499682895021
NA NA
175.91250802444 -40.0720170805651
175.91250802444 -40.0720170805651
NA NA
175.394332431433 -40.3585463191837
175.394332431433 -40.3585463191837
NA NA
175.475998893289 -40.3767346778815
175.475998893289 -40.3767346778815
NA NA
175.693448380755 -40.2363011505849
175.693448380755 -40.2363011505849
NA NA
175.604667905774 -40.4528495153849
175.604667905774 -40.4528495153849
NA NA
176.151050060808 -40.1113821426842
176.151050060808 -40.1113821426842
NA NA
175.995866630999 -40.220801805325
175.995866630999 -40.220801805325
NA NA
175.825460848634 -40.3975884613151
175.825460848634 -40.3975884613151
NA NA
176.216212870984 -40.3007365893872
176.216212870984 -40.3007365893872
NA NA
175.976825133454 -40.4725022412927
175.976825133454 -40.4725022412927
NA NA
175.793964547694 -40.6536426865996
175.793964547694 -40.6536426865996
NA NA
176.310392410351 -40.51321328386
176.310392410351 -40.51321328386
NA NA
175.316411844113 -40.5271327236908
175.316411844113 -40.5271327236908
NA NA
175.481079918053 -40.5355215386047
175.481079918053 -40.5355215386047
NA NA
175.579356461267 -40.8951181487944
175.579356461267 -40.8951181487944
NA NA
175.989947458641 -40.9190169352792
175.989947458641 -40.9190169352792
NA NA
175.712278606599 -40.981541923814
175.712278606599 -40.981541923814
NA NA
175.581454677505 -41.0381448918657
175.581454677505 -41.0381448918657
NA NA
175.369074648487 -41.0639004416368
175.369074648487 -41.0639004416368
NA NA
175.08046254073 -41.3327316382593
175.08046254073 -41.3327316382593
NA NA
175.457937373756 -41.3749030157513
175.457937373756 -41.3749030157513
NA NA
172.571956546254 -40.8693548028292
172.571956546254 -40.8693548028292
NA NA
172.788265244686 -41.5089092138015
172.788265244686 -41.5089092138015
NA NA
172.465034902452 -41.8845995348975
172.465034902452 -41.8845995348975
NA NA
173.626353856075 -41.2561976338092
173.626353856075 -41.2561976338092
NA NA
174.040118225591 -41.3212678026576
174.040118225591 -41.3212678026576
NA NA
173.644084970064 -42.1971079754124
173.644084970064 -42.1971079754124
NA NA
173.676679504517 -42.4127247953582
173.676679504517 -42.4127247953582
NA NA
172.2645121525 -41.292296621603
172.2645121525 -41.292296621603
NA NA
171.995658781985 -42.1719645171596
171.995658781985 -42.1719645171596
NA NA
171.433399477991 -42.3102141285026
171.433399477991 -42.3102141285026
NA NA
171.688139745323 -42.4314554725761
171.688139745323 -42.4314554725761
NA NA
171.6947027065 -42.6614995683308
171.6947027065 -42.6614995683308
NA NA
170.439052538291 -43.2584179877347
170.439052538291 -43.2584179877347
NA NA
171.304429118754 -42.8781179308385
171.304429118754 -42.8781179308385
NA NA
172.958707382046 -42.6445306612423
172.958707382046 -42.6445306612423
NA NA
172.547333263539 -42.9338794110117
172.547333263539 -42.9338794110117
NA NA
172.94683520756 -42.9856347355282
172.94683520756 -42.9856347355282
NA NA
172.073652778252 -43.2841140007493
172.073652778252 -43.2841140007493
NA NA
172.288136831016 -43.3985354589602
172.288136831016 -43.3985354589602
NA NA
172.66440938792 -43.2927037473719
172.66440938792 -43.2927037473719
NA NA
171.787135743758 -43.4828866535609
171.787135743758 -43.4828866535609
NA NA
172.037415752953 -43.6585748442766
172.037415752953 -43.6585748442766
NA NA
172.150865187761 -43.5645902686586
172.150865187761 -43.5645902686586
NA NA
172.319447432393 -43.5694117137534
172.319447432393 -43.5694117137534
NA NA
172.375565908623 -43.655580551559
172.375565908623 -43.655580551559
NA NA
172.210238438977 -43.7925441184766
172.210238438977 -43.7925441184766
NA NA
171.773554589687 -43.6645563342674
171.773554589687 -43.6645563342674
NA NA
171.431819813995 -43.784922579368
171.431819813995 -43.784922579368
NA NA
171.497417480318 -44.0365637337018
171.497417480318 -44.0365637337018
NA NA
171.665005185588 -43.9589770402617
171.665005185588 -43.9589770402617
NA NA
171.966464862426 -43.8250624865986
171.966464862426 -43.8250624865986
NA NA
171.828290972201 -43.9631859786425
171.828290972201 -43.9631859786425
NA NA
171.057977286331 -44.060449973941
171.057977286331 -44.060449973941
NA NA
171.014462412534 -44.271892918587
171.014462412534 -44.271892918587
NA NA
171.325757262053 -44.1103561811337
171.325757262053 -44.1103561811337
NA NA
171.378333909858 -44.1853959755721
171.378333909858 -44.1853959755721
NA NA
171.068571182664 -43.8561872970338
171.068571182664 -43.8561872970338
NA NA
170.939761754315 -44.4996278760464
170.939761754315 -44.4996278760464
NA NA
171.109642274686 -44.4902144510187
171.109642274686 -44.4902144510187
NA NA
171.051139327706 -44.6881376920551
171.051139327706 -44.6881376920551
NA NA
171.001032882784 -44.8537256820513
171.001032882784 -44.8537256820513
NA NA
170.502109012685 -44.8943499565041
170.502109012685 -44.8943499565041
NA NA
170.697417808818 -45.0621390950016
170.697417808818 -45.0621390950016
NA NA
171.020356859358 -45.0023934014326
171.020356859358 -45.0023934014326
NA NA
170.020869084655 -45.2528232825423
170.020869084655 -45.2528232825423
NA NA
170.202713693751 -45.9356877233024
170.202713693751 -45.9356877233024
NA NA
169.212907019553 -45.8353542248425
169.212907019553 -45.8353542248425
NA NA
169.363028378317 -46.232959132114
169.363028378317 -46.232959132114
NA NA
169.615628739595 -46.146661728652
169.615628739595 -46.146661728652
NA NA
170.086556057562 -46.0724734210471
170.086556057562 -46.0724734210471
NA NA
169.465170209322 -46.4596443335135
169.465170209322 -46.4596443335135
NA NA
169.857241897371 -46.2645750241735
169.857241897371 -46.2645750241735
NA NA
167.981360264978 -45.2661863202399
167.981360264978 -45.2661863202399
NA NA
167.723030472786 -45.4135156032288
167.723030472786 -45.4135156032288
NA NA
168.374657058522 -45.5465414034657
168.374657058522 -45.5465414034657
NA NA
167.67301087646 -46.0170792317127
167.67301087646 -46.0170792317127
NA NA
168.026140431396 -45.8909350837012
168.026140431396 -45.8909350837012
NA NA
169.031628106677 -45.4864586207448
169.031628106677 -45.4864586207448
NA NA
168.610021092767 -45.7492173923975
168.610021092767 -45.7492173923975
NA NA
168.317898877819 -46.0026848965198
168.317898877819 -46.0026848965198
NA NA
168.053478418252 -46.1925067923042
168.053478418252 -46.1925067923042
NA NA
168.565840141537 -46.1290311889531
168.565840141537 -46.1290311889531
NA NA
168.33027043455 -46.2453524404366
168.33027043455 -46.2453524404366
NA NA
168.255534482648 -46.3357842837327
168.255534482648 -46.3357842837327
NA NA
168.47812713825 -46.3006837227457
168.47812713825 -46.3006837227457
NA NA
168.670071137501 -46.3334381054277
168.670071137501 -46.3334381054277
NA NA
168.604098795877 -46.4826918289591
168.604098795877 -46.4826918289591
NA NA
168.991931200504 -46.4728327646696
168.991931200504 -46.4728327646696
NA NA
168.980437413445 -45.9660404397922
168.980437413445 -45.9660404397922
NA NA
169.073087106245 -46.2079126114537
169.073087106245 -46.2079126114537
NA NA
168.374708243365 -46.5211718211048
168.374708243365 -46.5211718211048
NA NA
168.332245648669 -46.6072454437718
168.332245648669 -46.6072454437718
NA NA
174.746668841671 -36.8407181662633
174.757888266942 -36.843309395947
NA NA
174.775923537529 -41.3366660508809
174.775725930044 -41.2849344993157
NA NA
174.813655669239 -41.1976725328783
174.775725930044 -41.2849344993157
NA NA
172.533091326536 -43.5482943532061
172.535663422022 -43.5392180437563
NA NA
174.093116007484 -39.0857102386084
174.075374541104 -39.0570019168732
NA NA
174.065713615762 -39.0641976504782
174.075374541104 -39.0570019168732
NA NA
175.593434724166 -40.3778449294342
175.610109617573 -40.3553770219268
NA NA
174.76019206283 -41.2790806157416
174.775725930044 -41.2849344993157
NA NA
174.780072354186 -41.2969152403035
174.775725930044 -41.2849344993157
NA NA
174.74742200051 -41.2870258653847
174.775725930044 -41.2849344993157
NA NA
170.491757200599 -45.8671190716861
170.502912211413 -45.8771247119519
NA NA
174.77608237104 -41.3128931436895
174.775725930044 -41.2849344993157
NA NA
174.876779942009 -36.955934556903
174.8871287116 -36.9382324141227
NA NA
174.761826289764 -41.2575451100539
174.775725930044 -41.2849344993157
NA NA
174.821872885948 -41.3189077705422
174.775725930044 -41.2849344993157
NA NA
174.958432593293 -41.2691305978967
174.775725930044 -41.2849344993157
NA NA
176.185021455762 -37.7310745185095
176.167042642018 -37.6794741162889
NA NA
174.060111093266 -39.0747742043685
174.075374541104 -39.0570019168732
NA NA
174.879903071502 -41.208409783203
174.775725930044 -41.2849344993157
NA NA
174.774695309909 -41.2910192006764
174.775725930044 -41.2849344993157
NA NA
174.741593180878 -36.8513795104434
174.757888266942 -36.843309395947
NA NA
173.945356308703 -41.5400541945735
173.96254647045 -41.5152239227912
NA NA
174.787638266494 -41.2988287783648
174.782803658407 -41.2920603374868
NA NA
174.787518444992 -36.8562124949334
174.765249719116 -36.8477410359746
NA NA
174.759865548264 -41.2957461848544
174.782803658407 -41.2920603374868
NA NA
174.787638266494 -41.2988287783648
174.775725930044 -41.2849344993157
NA NA
174.784398616315 -41.3204829586248
174.775725930044 -41.2849344993157
NA NA
174.792678988903 -41.316943168587
174.775725930044 -41.2849344993157
NA NA
174.731974428766 -36.8731261217499
174.757888266942 -36.843309395947
NA NA
175.598691267745 -40.349885834519
175.610109617573 -40.3553770219268
NA NA
174.77608237104 -41.3128931436895
174.774695309909 -41.2910192006764
NA NA
168.745852811056 -45.0182569707252
168.654603433698 -45.0327314950276
NA NA
176.903677463483 -39.5157722397586
176.882180645361 -39.4970008779076
NA NA
174.735764808794 -36.858792155444
174.757888266942 -36.843309395947
NA NA
176.144371299801 -37.6769184612193
176.167042642018 -37.6794741162889
NA NA
168.385518141037 -46.4103151963828
168.328507305945 -46.4148923806732
NA NA
174.802821465272 -41.2495213121019
174.775725930044 -41.2849344993157
NA NA
173.261700716874 -41.2854065101674
173.282108778861 -41.2727386246675
NA NA
175.625471708617 -40.3520931765764
175.610109617573 -40.3553770219268
NA NA
174.904157790695 -41.114591357941
174.775725930044 -41.2849344993157
NA NA
176.156819616767 -37.7084259030982
176.194480977437 -37.6642389149817
NA NA
174.825763966767 -41.3175660465041
174.775725930044 -41.2849344993157
NA NA
174.070128981614 -39.0842123765746
174.075374541104 -39.0570019168732
NA NA
174.750417094862 -36.8522012837142
174.776462940116 -36.8460198881885
NA NA
178.028982741084 -38.6583797524161
178.022993126181 -38.6677823680973
NA NA
174.83335901353 -41.325693318352
174.775725930044 -41.2849344993157
NA NA
173.292398745251 -41.2670929390119
173.282108778861 -41.2727386246675
NA NA
174.642533788156 -36.8995563844258
174.629284264228 -36.8896858041846
NA NA
174.137586157228 -39.029952522765
174.075374541104 -39.0570019168732
NA NA
175.084431629675 -41.1093256008526
174.775725930044 -41.2849344993157
NA NA
172.538490749553 -43.5527261575695
172.508288486565 -43.5526063040803
NA NA
174.769048406385 -41.340959160701
174.772839725503 -41.294693101456
NA NA
168.369181379944 -46.4071961900227
168.328507305945 -46.4148923806732
NA NA
174.754487654622 -36.8958251139318
174.776462940116 -36.8460198881885
NA NA
175.607312489444 -40.3270827159344
175.610109617573 -40.3553770219268
NA NA
174.08332264582 -39.0902395540547
174.075374541104 -39.0570019168732
NA NA
174.777980522584 -36.8567926110437
174.776462940116 -36.8460198881885
NA NA
174.298963022286 -35.749688045229
174.330751778436 -35.7492734520504
NA NA
174.104431169559 -39.080694608641
174.075374541104 -39.0570019168732
NA NA
174.800798783984 -41.29229126293
174.775725930044 -41.2849344993157
NA NA
174.796298113746 -41.3016252841541
174.774695309909 -41.2910192006764
NA NA
175.269947759051 -37.7364897260292
175.241146143499 -37.7614132199653
NA NA
173.319766708511 -41.2478685170125
173.282108778861 -41.2727386246675
NA NA
174.788633282842 -41.2526281647618
174.775725930044 -41.2849344993157
NA NA
174.787518444992 -36.8562124949334
174.776462940116 -36.8460198881885
NA NA
174.746220303404 -36.8620992552956
174.756591240391 -36.8485780685531
NA NA
174.75650937079 -41.3168510831973
174.775725930044 -41.2849344993157
NA NA
174.024278839752 -39.0709650700039
174.075374541104 -39.0570019168732
NA NA
174.761200313672 -41.3378960696576
174.787726387487 -41.2762482181292
NA NA
174.759865548264 -41.2957461848544
174.787726387487 -41.2762482181292
NA NA
174.787638266494 -41.2988287783648
174.787726387487 -41.2762482181292
NA NA
174.992691635644 -39.9365306009566
175.047017991389 -39.935136757776
NA NA
174.774695309909 -41.2910192006764
174.787726387487 -41.2762482181292
NA NA
174.745851543227 -36.8703019111544
174.776462940116 -36.8460198881885
NA NA
174.814205459408 -41.3207260411659
174.775725930044 -41.2849344993157
NA NA
174.821248196837 -41.2345485887941
174.77750144371 -41.3025148092603
NA NA
173.243018657225 -41.3087501838958
173.282108778861 -41.2727386246675
NA NA
174.760736533139 -41.2683552723515
174.787726387487 -41.2762482181292
NA NA
174.769048406385 -41.340959160701
174.775725930044 -41.2849344993157
NA NA
174.078217394263 -39.072098531159
174.075374541104 -39.0570019168732
NA NA
175.279386511193 -37.8109187138237
175.284416897966 -37.8007418224791
NA NA
175.029850030241 -36.796134935953
174.999654020414 -36.7876752419494
NA NA
174.745851543227 -36.8703019111544
174.774008588543 -36.9891028982173
NA NA
173.282307595416 -41.2807244084026
173.282108778861 -41.2727386246675
NA NA
170.481377298741 -45.8748166226788
170.502912211413 -45.8771247119519
NA NA
176.128027956117 -37.741190920901
176.167042642018 -37.6794741162889
NA NA
174.793261044463 -41.2350567239789
174.775725930044 -41.2849344993157
NA NA
175.704967167705 -37.6435436469793
175.768350529927 -37.5977278724754
NA NA
176.092450664538 -38.6867395224719
176.073041914494 -38.6847684025167
NA NA
177.992138631088 -38.6593588343774
177.972550675108 -38.6578730335814
NA NA
178.0446818242 -38.6676338062367
178.022993126181 -38.6677823680973
NA NA
176.149039927041 -37.6694635124925
176.167042642018 -37.6794741162889
NA NA
171.431819813995 -43.784922579368
171.497417480318 -44.0365637337018
NA NA
174.734362696503 -36.8501942339998
174.776462940116 -36.8460198881885
NA NA
175.045643935642 -41.13282550523
174.775725930044 -41.2849344993157
NA NA
168.341657117925 -46.3802387429307
168.328507305945 -46.4148923806732
NA NA
176.135567482236 -37.7158875307826
176.167042642018 -37.6794741162889
NA NA
174.772839725503 -41.294693101456
174.775725930044 -41.2849344993157
NA NA
174.794178512053 -41.3271038241062
174.775725930044 -41.2849344993157
NA NA
174.733852776337 -36.8881914714409
174.757888266942 -36.843309395947
NA NA
176.141434854058 -37.6873045552459
176.167042642018 -37.6794741162889
NA NA
174.796700321959 -41.3115562848156
174.775725930044 -41.2849344993157
NA NA
174.771631213548 -41.2464145908283
174.775725930044 -41.2849344993157
NA NA
174.793835249206 -41.2230986139253
174.775725930044 -41.2849344993157
NA NA
174.993121349988 -41.1669316967081
174.775725930044 -41.2849344993157
NA NA
174.775727113432 -41.2622288312112
174.775725930044 -41.2849344993157
NA NA
174.048336429044 -39.0627046797989
174.075374541104 -39.0570019168732
NA NA
174.760456191185 -41.287981327551
174.775725930044 -41.2849344993157
NA NA
174.77750144371 -41.3025148092603
174.782803658407 -41.2920603374868
NA NA
170.486218632504 -45.8583870555895
170.502912211413 -45.8771247119519
NA NA
174.927320653467 -41.2057367451999
174.775725930044 -41.2849344993157
NA NA
175.045794516323 -39.9196427772961
175.047017991389 -39.935136757776
NA NA
174.04711191111 -39.0750238927968
174.075374541104 -39.0570019168732
NA NA
174.767625293995 -41.2890840006155
174.775725930044 -41.2849344993157
NA NA
173.226879726198 -41.3072588876862
173.282108778861 -41.2727386246675
NA NA
174.838970378887 -41.1772739547595
174.775725930044 -41.2849344993157
NA NA
174.759865548264 -41.2957461848544
174.775725930044 -41.2849344993157
NA NA
174.776025835202 -41.2531632040306
174.787726387487 -41.2762482181292
NA NA
176.207750048574 -37.658708517128
176.167042642018 -37.6794741162889
NA NA
174.760736533139 -41.2683552723515
174.775725930044 -41.2849344993157
NA NA
172.598645584059 -43.4793082843728
172.543836358683 -43.4822152256505
NA NA
175.030642004671 -39.9202343441783
175.047017991389 -39.935136757776
NA NA
171.756467288169 -43.9115886346799
171.828290972201 -43.9631859786425
NA NA
173.221577357955 -41.3138801700313
173.229750908681 -41.2956675063779
NA NA
174.787518444992 -36.8562124949334
174.777980522584 -36.8567926110437
NA NA
174.820544954613 -41.3316410398859
174.775725930044 -41.2849344993157
NA NA
175.681190660555 -40.9413874827454
175.661670482151 -40.9504710760381
NA NA
176.96233432335 -37.943560787477
176.992327357239 -37.9535658700649
NA NA
174.725876992135 -36.7848040500846
174.761170078542 -36.7891091807142
NA NA
174.77750144371 -41.3025148092603
174.775725930044 -41.2849344993157
NA NA
172.533091326536 -43.5482943532061
172.508288486565 -43.5526063040803
NA NA
168.672497660126 -45.0328946097101
168.654603433698 -45.0327314950276
NA NA
174.060111093266 -39.0747742043685
174.164265956716 -39.0363964310484
NA NA
174.819837156194 -41.2167436976365
174.775725930044 -41.2849344993157
NA NA
174.75585667461 -41.3042788320918
174.775725930044 -41.2849344993157
NA NA
174.783194415069 -41.3090008029567
174.775725930044 -41.2849344993157
NA NA
168.287919305976 -46.4352012948084
168.328507305945 -46.4148923806732
NA NA
173.273515040071 -41.2966005656934
173.282108778861 -41.2727386246675
NA NA
173.244386475069 -41.3245971304141
173.229750908681 -41.2956675063779
NA NA
174.806953095885 -41.2108663138274
174.775725930044 -41.2849344993157
NA NA
174.308332344608 -35.7131013701916
174.324303215611 -35.7284699486675
NA NA
175.292436505578 -37.8093105475904
175.282030665353 -37.7893808256598
NA NA
174.792872376178 -41.2918647269914
174.775725930044 -41.2849344993157
NA NA
175.603392938516 -40.3679753586305
175.610109617573 -40.3553770219268
NA NA
174.773780290886 -41.3232652990544
174.775725930044 -41.2849344993157
NA NA
174.744372212743 -41.2775871481585
174.775725930044 -41.2849344993157
NA NA
174.820544954613 -41.3316410398859
174.814205459408 -41.3207260411659
NA NA
174.820535992173 -41.2240631201877
174.775725930044 -41.2849344993157
NA NA
174.741593180878 -36.8513795104434
174.776462940116 -36.8460198881885
NA NA
174.123604452163 -39.0742712728117
174.075374541104 -39.0570019168732
NA NA
174.137586157228 -39.029952522765
174.164265956716 -39.0363964310484
NA NA
174.75585667461 -41.3042788320918
174.774695309909 -41.2910192006764
NA NA
174.771842451783 -41.3032833300731
174.775725930044 -41.2849344993157
NA NA
174.777980522584 -36.8567926110437
174.757888266942 -36.843309395947
NA NA
174.787391903264 -41.3377663026308
174.775725930044 -41.2849344993157
NA NA
174.050595536039 -39.0953471865327
174.075374541104 -39.0570019168732
NA NA
174.796298113746 -41.3016252841541
174.787726387487 -41.2762482181292
NA NA
175.578028587738 -40.3557020357839
175.598656905543 -40.3396904208929
NA NA
174.821248196837 -41.2345485887941
174.775725930044 -41.2849344993157
NA NA
174.797697511289 -41.242898344828
174.775725930044 -41.2849344993157
NA NA
175.009976423863 -39.9359202652205
175.047017991389 -39.935136757776
NA NA
176.262784147423 -37.6928437353146
176.194480977437 -37.6642389149817
NA NA
170.513880605326 -45.8482568939833
170.512116790905 -45.8679379229997
NA NA
174.727329262945 -36.699900123255
174.715029746226 -36.746304736337
NA NA
174.765854033788 -41.3078826800936
174.775725930044 -41.2849344993157
NA NA
174.820535992173 -41.2240631201877
174.787726387487 -41.2762482181292
NA NA
174.76019206283 -41.2790806157416
174.774695309909 -41.2910192006764
NA NA
174.722449454414 -36.860423072952
174.776462940116 -36.8460198881885
NA NA
174.776025835202 -41.2531632040306
174.775725930044 -41.2849344993157
NA NA
176.099150469951 -38.699762133203
176.073041914494 -38.6847684025167
NA NA
174.043222038451 -39.0707400810853
174.075374541104 -39.0570019168732
NA NA
174.792446143633 -41.3090694909351
174.775725930044 -41.2849344993157
NA NA
174.731974428766 -36.8731261217499
174.756591240391 -36.8485780685531
NA NA
174.832372193699 -36.8557559986763
174.774008588543 -36.9891028982173
NA NA
175.160190277404 -38.3363989399547
175.175014196003 -38.3342295459633
NA NA
174.725657245928 -41.282588757922
174.775725930044 -41.2849344993157
NA NA
176.156819616767 -37.7084259030982
176.125187133322 -37.7276567888032
NA NA
174.803006235302 -41.2176424847666
174.775725930044 -41.2849344993157
NA NA
174.290371271118 -35.737571358441
174.324303215611 -35.7284699486675
NA NA
174.921239007095 -41.1900686003112
174.775725930044 -41.2849344993157
NA NA
174.102059581275 -39.0645462263221
174.075374541104 -39.0570019168732
NA NA
176.173158705466 -37.630003658568
176.167042642018 -37.6794741162889
NA NA
174.733285510585 -41.2890235144905
174.775725930044 -41.2849344993157
NA NA
174.796298113746 -41.3016252841541
174.775725930044 -41.2849344993157
NA NA
172.663746793852 -43.5368595701109
172.653456696048 -43.541388397393
NA NA
174.787518444992 -36.8562124949334
174.774008588543 -36.9891028982173
NA NA
174.725657245928 -41.282588757922
174.787726387487 -41.2762482181292
NA NA
174.765801882655 -41.3195166892521
174.775725930044 -41.2849344993157
NA NA
175.633626032041 -40.3416805651307
175.610109617573 -40.3553770219268
NA NA
175.863517397649 -38.2208109061324
175.873423207659 -38.2230220997579
NA NA
174.746220303404 -36.8620992552956
174.752085507611 -36.8618195881536
NA NA
174.761200313672 -41.3378960696576
174.775725930044 -41.2849344993157
NA NA
173.959816678641 -41.5280174457541
173.96254647045 -41.5152239227912
NA NA
176.114981183159 -37.7065879002031
176.167042642018 -37.6794741162889
NA NA
174.807431264498 -41.2237212493742
174.775725930044 -41.2849344993157
NA NA
174.804006492025 -36.8684808075084
174.777062988926 -36.868538887592
NA NA
175.069830545892 -39.8959518147124
175.047017991389 -39.935136757776
NA NA
174.765801882655 -41.3195166892521
174.774695309909 -41.2910192006764
NA NA
174.774227343104 -41.2724644521323
174.775725930044 -41.2849344993157
NA NA
174.765854033788 -41.3078826800936
174.774227343104 -41.2724644521323
NA NA
174.979208545397 -37.058461232054
174.774008588543 -36.9891028982173
NA NA
175.588708453761 -40.3702726743225
175.610109617573 -40.3553770219268
NA NA
174.761200313672 -41.3378960696576
174.774227343104 -41.2724644521323
NA NA
175.704967167705 -37.6435436469793
175.524807959295 -37.6990334432073
NA NA
175.300763784877 -37.8012800322616
175.282030665353 -37.7893808256598
NA NA
174.226545897403 -38.9975013949137
174.164265956716 -39.0363964310484
NA NA
174.834618265406 -41.2162323910498
174.775725930044 -41.2849344993157
NA NA
174.81690066648 -41.1814775354904
174.775725930044 -41.2849344993157
NA NA
174.891072682637 -41.1171713402428
174.775725930044 -41.2849344993157
NA NA
