175.040825613487 -41.1489054434139
175.040825613487 -41.1489054434139
NA NA
174.949566071868 -41.1997394279424
174.949566071868 -41.1997394279424
NA NA
174.867237903887 -36.8646606063584
174.765249719116 -36.8477410359746
NA NA
174.795265204902 -36.8844351833572
174.762769143314 -36.847071038916
NA NA
174.914145636929 -36.9095484597072
174.757888266942 -36.843309395947
NA NA
174.671682462529 -36.9079404202258
174.768239147375 -36.8473685318288
NA NA
174.837007034209 -36.86978506033
174.768239147375 -36.8473685318288
NA NA
174.813655669239 -41.1976725328783
174.775725930044 -41.2849344993157
NA NA
174.893208476406 -41.2034500860113
174.774695309909 -41.2910192006764
NA NA
174.739888772691 -36.8805326848745
174.768239147375 -36.8473685318288
NA NA
174.924398712472 -41.1993700393807
174.787726387487 -41.2762482181292
NA NA
174.917429817927 -41.2255258193443
174.774695309909 -41.2910192006764
NA NA
174.85723027841 -41.1282577026877
174.775725930044 -41.2849344993157
NA NA
174.723396656675 -36.8834503439522
174.768239147375 -36.8473685318288
NA NA
174.793835249206 -41.2230986139253
174.774227343104 -41.2724644521323
NA NA
174.890121734374 -36.9856325111011
174.757888266942 -36.843309395947
NA NA
174.992708932364 -40.9218623884655
174.787726387487 -41.2762482181292
NA NA
174.867237903887 -36.8646606063584
174.762769143314 -36.847071038916
NA NA
174.772035706338 -36.8476856078775
174.822589135064 -36.9199981113009
NA NA
174.695198276462 -36.8955246813292
174.777062988926 -36.868538887592
NA NA
174.984730585792 -40.8919556269186
174.775725930044 -41.2849344993157
NA NA
174.671890353614 -36.9017384001119
174.757888266942 -36.843309395947
NA NA
174.855675846376 -41.1431139366881
174.775725930044 -41.2849344993157
NA NA
174.798803942282 -36.9008412129742
174.757888266942 -36.843309395947
NA NA
174.855675846376 -41.1431139366881
174.787726387487 -41.2762482181292
NA NA
174.964627451229 -41.1712631566514
174.774695309909 -41.2910192006764
NA NA
174.584629750512 -36.8648960706891
174.776462940116 -36.8460198881885
NA NA
174.842588013331 -36.8888651469195
174.757888266942 -36.843309395947
NA NA
174.837007034209 -36.86978506033
174.757888266942 -36.843309395947
NA NA
174.983291558065 -40.9412661197965
174.787726387487 -41.2762482181292
NA NA
174.604273434942 -36.8658992308219
174.765249719116 -36.8477410359746
NA NA
174.946740135991 -41.0948548855047
174.774227343104 -41.2724644521323
NA NA
174.886787185374 -36.9198534970447
174.756591240391 -36.8485780685531
NA NA
174.604273434942 -36.8658992308219
174.629284264228 -36.8896858041846
NA NA
174.657029594556 -36.9076822456252
174.776462940116 -36.8460198881885
NA NA
175.066434070416 -40.8659793429967
174.787726387487 -41.2762482181292
NA NA
175.117903757988 -41.1566926065605
174.775725930044 -41.2849344993157
NA NA
174.827448273056 -36.8828541567823
174.776462940116 -36.8460198881885
NA NA
175.057879558955 -41.1201996980684
174.775725930044 -41.2849344993157
NA NA
174.979208545397 -37.058461232054
174.822589135064 -36.9199981113009
NA NA
174.664741388238 -36.9144557158556
174.777062988926 -36.868538887592
NA NA
174.800306058316 -36.9120799224911
174.776462940116 -36.8460198881885
NA NA
174.929168850023 -41.2179400935278
174.774695309909 -41.2910192006764
NA NA
174.821052606917 -36.8923091197469
174.777062988926 -36.868538887592
NA NA
174.929168850023 -41.2179400935278
174.782803658407 -41.2920603374868
NA NA
174.858006588625 -36.9746174608254
174.765249719116 -36.8477410359746
NA NA
174.827710935296 -36.9111679140794
174.776462940116 -36.8460198881885
NA NA
174.940680729831 -41.2613999769838
174.774227343104 -41.2724644521323
NA NA
174.739888772691 -36.8805326848745
174.762769143314 -36.847071038916
NA NA
175.01141009126 -40.8945727996569
174.825830468714 -41.1458435901967
NA NA
174.833657414921 -36.8820628329079
174.765249719116 -36.8477410359746
NA NA
174.804006492025 -36.8684808075084
174.768239147375 -36.8473685318288
NA NA
174.777062988926 -36.868538887592
174.806124642322 -36.8989711704364
NA NA
174.67180630063 -36.9179321696142
174.776462940116 -36.8460198881885
NA NA
174.890626544522 -41.2248184006885
174.775725930044 -41.2849344993157
NA NA
174.777062988926 -36.868538887592
174.756591240391 -36.8485780685531
NA NA
174.88725425196 -41.229675970817
174.775725930044 -41.2849344993157
NA NA
174.914146236582 -36.9385812031723
174.757888266942 -36.843309395947
NA NA
174.934168032913 -37.0565367125264
174.843067010895 -36.9604449313395
NA NA
174.770709966621 -36.876958374353
174.843067010895 -36.9604449313395
NA NA
174.860395723677 -41.0676849306519
174.782803658407 -41.2920603374868
NA NA
174.787096086143 -36.9197417730461
174.777062988926 -36.868538887592
NA NA
174.653020590942 -36.9156025475667
174.777062988926 -36.868538887592
NA NA
174.87140063663 -41.1372251367026
174.787726387487 -41.2762482181292
NA NA
174.942818853213 -37.0654230522806
174.806124642322 -36.8989711704364
NA NA
174.820535992173 -41.2240631201877
174.774227343104 -41.2724644521323
NA NA
174.761826289764 -41.2575451100539
174.775725930044 -41.2849344993157
NA NA
174.934168032913 -37.0565367125264
174.776462940116 -36.8460198881885
NA NA
174.640070103496 -36.8793850425263
174.777062988926 -36.868538887592
NA NA
174.771631213548 -41.2464145908283
174.774227343104 -41.2724644521323
NA NA
174.992708932364 -40.9218623884655
174.775725930044 -41.2849344993157
NA NA
174.774227343104 -41.2724644521323
174.807431264498 -41.2237212493742
NA NA
174.638513721213 -36.8867513036317
174.765249719116 -36.8477410359746
NA NA
174.630731313962 -36.9037138956831
174.768239147375 -36.8473685318288
NA NA
174.807506704448 -36.8920068582413
174.776462940116 -36.8460198881885
NA NA
174.895803419947 -37.1822547607228
174.822589135064 -36.9199981113009
NA NA
174.849361203303 -36.970931185614
174.768239147375 -36.8473685318288
NA NA
175.011866322067 -40.9193466559966
174.775725930044 -41.2849344993157
NA NA
174.584629750512 -36.8648960706891
174.757888266942 -36.843309395947
NA NA
174.813114055258 -36.8848783528119
174.757888266942 -36.843309395947
NA NA
174.770709966621 -36.876958374353
174.757888266942 -36.843309395947
NA NA
174.865329549665 -36.8838682640955
174.757888266942 -36.843309395947
NA NA
175.078831334269 -40.8669921861517
174.775725930044 -41.2849344993157
NA NA
174.617977751561 -36.8592483628518
174.685965708765 -36.9074846676529
NA NA
174.653020590942 -36.9156025475667
174.629284264228 -36.8896858041846
NA NA
174.875226825103 -37.0512812751759
174.762769143314 -36.847071038916
NA NA
175.63623599367 -40.9411725937738
174.775725930044 -41.2849344993157
NA NA
174.774695309909 -41.2910192006764
174.825830468714 -41.1458435901967
NA NA
174.938110052528 -37.0807433065747
174.942818853213 -37.0654230522806
NA NA
174.593923669937 -36.8714618853391
174.776462940116 -36.8460198881885
NA NA
174.947946121672 -37.0574140638696
174.843067010895 -36.9604449313395
NA NA
174.777062988926 -36.868538887592
174.843067010895 -36.9604449313395
NA NA
174.802108340989 -41.2310217636751
174.774695309909 -41.2910192006764
NA NA
174.958432593293 -41.2691305978967
174.775725930044 -41.2849344993157
NA NA
174.695198276462 -36.8955246813292
174.776462940116 -36.8460198881885
NA NA
174.907668652887 -41.2199209978942
174.787726387487 -41.2762482181292
NA NA
174.998820937771 -40.8810764287829
174.782803658407 -41.2920603374868
NA NA
174.947946121672 -37.0574140638696
174.774008588543 -36.9891028982173
NA NA
174.84460805168 -36.9083361930208
174.757888266942 -36.843309395947
NA NA
174.867814021002 -41.2156275155233
174.774227343104 -41.2724644521323
NA NA
174.65622649464 -36.9458072079958
174.768285484651 -36.8601317792491
NA NA
174.977361255625 -41.1689162178471
174.775725930044 -41.2849344993157
NA NA
174.707694086757 -36.8820462243478
174.768239147375 -36.8473685318288
NA NA
174.642533788156 -36.8995563844258
174.768239147375 -36.8473685318288
NA NA
174.97924525482 -41.1864705999831
174.774227343104 -41.2724644521323
NA NA
174.865329549665 -36.8838682640955
174.765249719116 -36.8477410359746
NA NA
174.879903071502 -41.208409783203
174.775725930044 -41.2849344993157
NA NA
174.695198276462 -36.8955246813292
174.757888266942 -36.843309395947
NA NA
174.653020590942 -36.9156025475667
174.765249719116 -36.8477410359746
NA NA
174.998820937771 -40.8810764287829
174.774227343104 -41.2724644521323
NA NA
174.780359471758 -36.8823681227159
174.757888266942 -36.843309395947
NA NA
174.798803942282 -36.9008412129742
174.768239147375 -36.8473685318288
NA NA
174.759640826964 -36.8646261257344
174.806124642322 -36.8989711704364
NA NA
174.891072682637 -41.1171713402428
174.787726387487 -41.2762482181292
NA NA
174.959185343726 -41.184923381954
174.787726387487 -41.2762482181292
NA NA
174.772035706338 -36.8476856078775
174.869475279177 -36.9913899079519
NA NA
174.905849667594 -41.1982545049807
174.774227343104 -41.2724644521323
NA NA
174.657029594556 -36.9076822456252
174.768239147375 -36.8473685318288
NA NA
174.899037525563 -36.9086275380906
174.765249719116 -36.8477410359746
NA NA
174.944554610242 -41.1958134725475
174.775725930044 -41.2849344993157
NA NA
174.993381638088 -40.8948391829386
174.787726387487 -41.2762482181292
NA NA
174.849361203303 -36.970931185614
174.822589135064 -36.9199981113009
NA NA
174.671682462529 -36.9079404202258
174.777062988926 -36.868538887592
NA NA
174.721522501454 -36.8948025756841
174.776462940116 -36.8460198881885
NA NA
174.88235003746 -41.1133145386144
174.787726387487 -41.2762482181292
NA NA
174.777980522584 -36.8567926110437
174.806124642322 -36.8989711704364
NA NA
174.620978552086 -36.8989238927911
174.776462940116 -36.8460198881885
NA NA
174.571068236821 -36.8810949964633
174.757888266942 -36.843309395947
NA NA
174.838970378887 -41.1772739547595
174.774227343104 -41.2724644521323
NA NA
174.825746592325 -36.869561852462
174.756591240391 -36.8485780685531
NA NA
174.873368147335 -41.1200032386725
174.775725930044 -41.2849344993157
NA NA
175.324296714746 -41.1161096430509
174.787726387487 -41.2762482181292
NA NA
174.906648688234 -41.2087223647757
174.775725930044 -41.2849344993157
NA NA
174.895803419947 -37.1822547607228
174.777062988926 -36.868538887592
NA NA
174.872694027522 -36.9085095004757
174.762769143314 -36.847071038916
NA NA
174.620978552086 -36.8989238927911
174.762769143314 -36.847071038916
NA NA
174.873492643551 -41.0441954428807
174.775725930044 -41.2849344993157
NA NA
174.846088112912 -36.8754672877849
174.762769143314 -36.847071038916
NA NA
174.993381638088 -40.8948391829386
174.774695309909 -41.2910192006764
NA NA
174.620978552086 -36.8989238927911
174.768285484651 -36.8601317792491
NA NA
174.833657414921 -36.8820628329079
174.757888266942 -36.843309395947
NA NA
175.027855925884 -40.8829009397311
174.775725930044 -41.2849344993157
NA NA
174.920552576357 -41.2149959336925
174.787726387487 -41.2762482181292
NA NA
174.815553093978 -36.9007221530586
174.757888266942 -36.843309395947
NA NA
174.965942747291 -37.0514343296091
174.843067010895 -36.9604449313395
NA NA
174.833801439707 -41.1566644159228
174.772839725503 -41.294693101456
NA NA
174.731974428766 -36.8731261217499
174.757888266942 -36.843309395947
NA NA
174.664741388238 -36.9144557158556
174.762769143314 -36.847071038916
NA NA
174.821441318445 -36.8760596952058
174.768239147375 -36.8473685318288
NA NA
175.207524624873 -40.6988625754255
174.787726387487 -41.2762482181292
NA NA
174.873536366861 -36.9723773565017
174.776462940116 -36.8460198881885
NA NA
174.977361255625 -41.1689162178471
174.774227343104 -41.2724644521323
NA NA
175.00981756474 -41.1522698831938
174.782803658407 -41.2920603374868
NA NA
174.813114055258 -36.8848783528119
174.768239147375 -36.8473685318288
NA NA
174.67180630063 -36.9179321696142
174.765249719116 -36.8477410359746
NA NA
174.946740135991 -41.0948548855047
174.775725930044 -41.2849344993157
NA NA
174.768239147375 -36.8473685318288
174.777062988926 -36.868538887592
NA NA
174.611831209445 -36.9448795290431
174.777062988926 -36.868538887592
NA NA
174.796489809628 -36.9186386618762
174.822589135064 -36.9199981113009
NA NA
174.873710922706 -36.8554047557838
174.843067010895 -36.9604449313395
NA NA
174.702461773015 -36.8656485931101
174.777062988926 -36.868538887592
NA NA
174.964627451229 -41.1712631566514
174.775725930044 -41.2849344993157
NA NA
174.827172622375 -41.1740233425422
174.774695309909 -41.2910192006764
NA NA
174.802821465272 -41.2495213121019
174.775725930044 -41.2849344993157
NA NA
174.808956079917 -36.9492011073116
174.777062988926 -36.868538887592
NA NA
174.893651843328 -41.2140278566628
174.787726387487 -41.2762482181292
NA NA
174.958432593293 -41.2691305978967
174.787726387487 -41.2762482181292
NA NA
174.810878630263 -36.9558874741238
174.762769143314 -36.847071038916
NA NA
174.877995946934 -37.0188881244892
174.869475279177 -36.9913899079519
NA NA
174.711108250425 -36.8953260686607
174.777062988926 -36.868538887592
NA NA
174.915542994273 -41.1693145004222
174.775725930044 -41.2849344993157
NA NA
174.950503231042 -41.2094648608477
174.787726387487 -41.2762482181292
NA NA
174.777062988926 -36.868538887592
174.822589135064 -36.9199981113009
NA NA
174.804378216842 -36.8774431861475
174.765249719116 -36.8477410359746
NA NA
174.907810817362 -36.9214430949571
174.776462940116 -36.8460198881885
NA NA
174.926483847597 -37.0845646031993
174.757888266942 -36.843309395947
NA NA
174.904157790695 -41.114591357941
174.775725930044 -41.2849344993157
NA NA
174.620978552086 -36.8989238927911
174.757888266942 -36.843309395947
NA NA
175.324296714746 -41.1161096430509
174.774227343104 -41.2724644521323
NA NA
174.877995946934 -37.0188881244892
174.822589135064 -36.9199981113009
NA NA
175.105878130465 -40.7971094696242
174.787726387487 -41.2762482181292
NA NA
174.827172622375 -41.1740233425422
174.787726387487 -41.2762482181292
NA NA
174.682278319492 -36.9138000266716
174.806124642322 -36.8989711704364
NA NA
174.913076325947 -37.1969768422024
174.869475279177 -36.9913899079519
NA NA
174.786737107003 -36.9122699177855
174.776462940116 -36.8460198881885
NA NA
174.827439383018 -36.9869592547166
174.765249719116 -36.8477410359746
NA NA
174.954739346969 -41.2429915947151
174.774695309909 -41.2910192006764
NA NA
174.903620084838 -41.2279442721452
174.775725930044 -41.2849344993157
NA NA
174.664741388238 -36.9144557158556
174.765249719116 -36.8477410359746
NA NA
174.869694439324 -41.223623561663
174.787726387487 -41.2762482181292
NA NA
175.046046012204 -41.122904185612
174.782803658407 -41.2920603374868
NA NA
174.862630000761 -41.1396921597434
174.774695309909 -41.2910192006764
NA NA
174.617977751561 -36.8592483628518
174.757888266942 -36.843309395947
NA NA
175.108792127691 -41.1062651820501
174.774227343104 -41.2724644521323
NA NA
174.933941091113 -36.9123424557722
174.765249719116 -36.8477410359746
NA NA
174.938110052528 -37.0807433065747
174.843067010895 -36.9604449313395
NA NA
174.796489809628 -36.9186386618762
174.768239147375 -36.8473685318288
NA NA
174.84460805168 -36.9083361930208
174.776462940116 -36.8460198881885
NA NA
174.671890353614 -36.9017384001119
174.768239147375 -36.8473685318288
NA NA
175.514252124268 -41.034272422229
174.774227343104 -41.2724644521323
NA NA
174.909370892538 -36.9047310380619
174.776462940116 -36.8460198881885
NA NA
174.899037525563 -36.9086275380906
174.757888266942 -36.843309395947
NA NA
174.860357509895 -36.902285102023
174.762769143314 -36.847071038916
NA NA
174.873492643551 -41.0441954428807
174.998863474916 -40.907994945822
NA NA
175.072440489481 -41.1187571955805
174.775725930044 -41.2849344993157
NA NA
174.862356229531 -36.9835446397582
174.777062988926 -36.868538887592
NA NA
174.785927557003 -36.8700874324887
174.765249719116 -36.8477410359746
NA NA
174.867814021002 -41.2156275155233
174.775725930044 -41.2849344993157
NA NA
174.891072682637 -41.1171713402428
174.774695309909 -41.2910192006764
NA NA
174.89140685077 -36.9013799777437
174.768239147375 -36.8473685318288
NA NA
174.593923669937 -36.8714618853391
174.762769143314 -36.847071038916
NA NA
174.950503231042 -41.2094648608477
174.775725930044 -41.2849344993157
NA NA
174.86187464096 -36.8952158118867
174.768239147375 -36.8473685318288
NA NA
174.666344491068 -36.8957913668389
174.768239147375 -36.8473685318288
NA NA
174.977293740342 -37.0673854088607
174.777062988926 -36.868538887592
NA NA
174.762769143314 -36.847071038916
174.822589135064 -36.9199981113009
NA NA
174.856330238974 -36.8639510574475
174.765249719116 -36.8477410359746
NA NA
174.947946121672 -37.0574140638696
174.806124642322 -36.8989711704364
NA NA
175.01141009126 -40.8945727996569
174.775725930044 -41.2849344993157
NA NA
174.856919949642 -36.8731609982585
174.756591240391 -36.8485780685531
NA NA
174.666218633145 -36.9252097695368
174.768239147375 -36.8473685318288
NA NA
175.283913892954 -40.6150787719585
174.775725930044 -41.2849344993157
NA NA
174.745851543227 -36.8703019111544
174.757888266942 -36.843309395947
NA NA
174.682837686042 -36.9211020205487
174.768239147375 -36.8473685318288
NA NA
174.761826289764 -41.2575451100539
174.787726387487 -41.2762482181292
NA NA
174.69839159651 -36.9253118909636
174.776462940116 -36.8460198881885
NA NA
174.785465172341 -41.2435097971492
174.774227343104 -41.2724644521323
NA NA
174.804006492025 -36.8684808075084
174.762769143314 -36.847071038916
NA NA
175.133383757586 -41.0165500182513
174.775725930044 -41.2849344993157
NA NA
174.666218633145 -36.9252097695368
174.777062988926 -36.868538887592
NA NA
174.920552576357 -41.2149959336925
174.782803658407 -41.2920603374868
NA NA
174.605275902987 -36.881677531723
174.756591240391 -36.8485780685531
NA NA
174.846505452691 -36.980081057907
174.806124642322 -36.8989711704364
NA NA
174.842588013331 -36.8888651469195
174.768239147375 -36.8473685318288
NA NA
174.695198276462 -36.8955246813292
174.806124642322 -36.8989711704364
NA NA
175.084431629675 -41.1093256008526
174.775725930044 -41.2849344993157
NA NA
174.871201970905 -36.8736023931853
174.765249719116 -36.8477410359746
NA NA
174.860395723677 -41.0676849306519
174.774695309909 -41.2910192006764
NA NA
174.745851543227 -36.8703019111544
174.806124642322 -36.8989711704364
NA NA
174.813114055258 -36.8848783528119
174.776462940116 -36.8460198881885
NA NA
174.765249719116 -36.8477410359746
174.822589135064 -36.9199981113009
NA NA
175.143351444403 -41.0887070512893
174.775725930044 -41.2849344993157
NA NA
174.890626544522 -41.2248184006885
174.774227343104 -41.2724644521323
NA NA
174.682278319492 -36.9138000266716
174.629284264228 -36.8896858041846
NA NA
174.874534152783 -41.088971258674
174.774695309909 -41.2910192006764
NA NA
174.849361203303 -36.970931185614
174.768285484651 -36.8601317792491
NA NA
174.837230141724 -36.8867802835519
174.768239147375 -36.8473685318288
NA NA
174.759640826964 -36.8646261257344
174.777062988926 -36.868538887592
NA NA
174.833801439707 -41.1566644159228
174.775725930044 -41.2849344993157
NA NA
174.837007034209 -36.86978506033
174.762769143314 -36.847071038916
NA NA
174.964627451229 -41.1712631566514
174.774227343104 -41.2724644521323
NA NA
174.774216453307 -36.9196555258892
174.762769143314 -36.847071038916
NA NA
174.636432745592 -36.9153992630271
174.762769143314 -36.847071038916
NA NA
174.85723027841 -41.1282577026877
174.782803658407 -41.2920603374868
NA NA
174.697457535809 -36.9033661340936
174.759640826964 -36.8646261257344
NA NA
174.968951360034 -40.9718683167787
174.772839725503 -41.294693101456
NA NA
174.940680729831 -41.2613999769838
174.775725930044 -41.2849344993157
NA NA
174.777980522584 -36.8567926110437
174.776462940116 -36.8460198881885
NA NA
174.949764072624 -41.2741022975739
174.775725930044 -41.2849344993157
NA NA
174.792957097414 -36.8915767566304
174.777062988926 -36.868538887592
NA NA
174.707694086757 -36.8820462243478
174.768285484651 -36.8601317792491
NA NA
174.827172622375 -41.1740233425422
174.772839725503 -41.294693101456
NA NA
174.84460805168 -36.9083361930208
174.777062988926 -36.868538887592
NA NA
174.772035706338 -36.8476856078775
174.777062988926 -36.868538887592
NA NA
174.636432745592 -36.9153992630271
174.777062988926 -36.868538887592
NA NA
174.65622649464 -36.9458072079958
174.776462940116 -36.8460198881885
NA NA
174.759640826964 -36.8646261257344
174.765249719116 -36.8477410359746
NA NA
174.934844842106 -41.2089138236104
174.774695309909 -41.2910192006764
NA NA
174.831779294821 -36.9021211345657
174.756591240391 -36.8485780685531
NA NA
174.807506704448 -36.8920068582413
174.762769143314 -36.847071038916
NA NA
174.902524869863 -36.8946658643617
174.765249719116 -36.8477410359746
NA NA
174.917429817927 -41.2255258193443
174.775725930044 -41.2849344993157
NA NA
175.117903757988 -41.1566926065605
174.774227343104 -41.2724644521323
NA NA
175.078831334269 -40.8669921861517
174.774227343104 -41.2724644521323
NA NA
174.695198276462 -36.8955246813292
174.768239147375 -36.8473685318288
NA NA
174.643731088075 -36.9292029743652
174.762769143314 -36.847071038916
NA NA
174.97924525482 -41.1864705999831
174.787726387487 -41.2762482181292
NA NA
174.964627451229 -41.1712631566514
174.869694439324 -41.223623561663
NA NA
174.731974428766 -36.8731261217499
174.768285484651 -36.8601317792491
NA NA
174.81690066648 -41.1814775354904
174.774695309909 -41.2910192006764
NA NA
174.745951459176 -36.8747643678481
174.777062988926 -36.868538887592
NA NA
174.873368147335 -41.1200032386725
174.787726387487 -41.2762482181292
NA NA
174.85723027841 -41.1282577026877
174.774695309909 -41.2910192006764
NA NA
174.787096086143 -36.9197417730461
174.776462940116 -36.8460198881885
NA NA
174.959185343726 -41.184923381954
174.774695309909 -41.2910192006764
NA NA
174.636432745592 -36.9153992630271
174.776462940116 -36.8460198881885
NA NA
174.932877086318 -41.2510464147511
174.775725930044 -41.2849344993157
NA NA
174.785927557003 -36.8700874324887
174.757888266942 -36.843309395947
NA NA
174.913187567299 -36.889808124876
174.765249719116 -36.8477410359746
NA NA
174.974761454369 -37.1122076796899
174.869475279177 -36.9913899079519
NA NA
174.86187464096 -36.8952158118867
174.840490187614 -36.914852217626
NA NA
175.060868289171 -41.1288852806853
174.775725930044 -41.2849344993157
NA NA
174.695627492586 -36.8895457722687
174.777062988926 -36.868538887592
NA NA
174.604273434942 -36.8658992308219
174.768285484651 -36.8601317792491
NA NA
175.634035700011 -40.9691055499682
174.775725930044 -41.2849344993157
NA NA
174.930402487472 -36.8871594637471
174.757888266942 -36.843309395947
NA NA
174.90771339979 -36.9857189883291
174.757888266942 -36.843309395947
NA NA
174.604273434942 -36.8658992308219
174.776462940116 -36.8460198881885
NA NA
174.624113511628 -36.8597986635331
174.777062988926 -36.868538887592
NA NA
174.860395723677 -41.0676849306519
174.825830468714 -41.1458435901967
NA NA
174.860395723677 -41.0676849306519
174.775725930044 -41.2849344993157
NA NA
174.893208476406 -41.2034500860113
174.787726387487 -41.2762482181292
NA NA
174.84460805168 -36.9083361930208
174.761347958044 -36.8543330298959
NA NA
174.860696823241 -36.9633729258793
174.776462940116 -36.8460198881885
NA NA
175.369074648487 -41.0639004416368
174.774227343104 -41.2724644521323
NA NA
174.802108340989 -41.2310217636751
174.775725930044 -41.2849344993157
NA NA
174.944554610242 -41.1958134725475
174.774227343104 -41.2724644521323
NA NA
174.862630000761 -41.1396921597434
174.775725930044 -41.2849344993157
NA NA
174.717653077721 -36.8748147137862
174.765249719116 -36.8477410359746
NA NA
174.772035706338 -36.8476856078775
174.806124642322 -36.8989711704364
NA NA
175.00981756474 -41.1522698831938
174.787726387487 -41.2762482181292
NA NA
174.768239147375 -36.8473685318288
174.806124642322 -36.8989711704364
NA NA
174.798803942282 -36.9008412129742
174.843067010895 -36.9604449313395
NA NA
174.813114055258 -36.8848783528119
174.765249719116 -36.8477410359746
NA NA
174.832372193699 -36.8557559986763
174.776462940116 -36.8460198881885
NA NA
175.027855925884 -40.8829009397311
174.787726387487 -41.2762482181292
NA NA
174.788633282842 -41.2526281647618
174.775725930044 -41.2849344993157
NA NA
174.886787185374 -36.9198534970447
174.776462940116 -36.8460198881885
NA NA
174.926483847597 -37.0845646031993
174.765249719116 -36.8477410359746
NA NA
174.613458263626 -36.8759544807935
174.777062988926 -36.868538887592
NA NA
174.842588013331 -36.8888651469195
174.765249719116 -36.8477410359746
NA NA
174.765249719116 -36.8477410359746
174.777062988926 -36.868538887592
NA NA
174.900424644875 -37.0171708164708
174.762769143314 -36.847071038916
NA NA
175.207524624873 -40.6988625754255
174.775725930044 -41.2849344993157
NA NA
175.074797912605 -40.8373145482141
174.774227343104 -41.2724644521323
NA NA
175.526839390031 -41.0194344654843
174.774227343104 -41.2724644521323
NA NA
174.662667914756 -36.903806431413
174.777062988926 -36.868538887592
NA NA
174.867063402892 -41.0988684163092
174.787726387487 -41.2762482181292
NA NA
174.873492643551 -41.0441954428807
174.787726387487 -41.2762482181292
NA NA
174.998863474916 -40.907994945822
174.772839725503 -41.294693101456
NA NA
174.968951360034 -40.9718683167787
174.774695309909 -41.2910192006764
NA NA
175.864484506599 -41.2180910142565
174.775725930044 -41.2849344993157
NA NA
174.707694086757 -36.8820462243478
174.765249719116 -36.8477410359746
NA NA
174.653020590942 -36.9156025475667
174.776462940116 -36.8460198881885
NA NA
175.046046012204 -41.122904185612
174.775725930044 -41.2849344993157
NA NA
174.684638603582 -36.8946796459665
174.757888266942 -36.843309395947
NA NA
174.842949356506 -36.8940047547121
174.768239147375 -36.8473685318288
NA NA
174.954838640228 -37.0662996964586
174.757888266942 -36.843309395947
NA NA
174.798803942282 -36.9008412129742
174.765249719116 -36.8477410359746
NA NA
174.949566071868 -41.1997394279424
174.775725930044 -41.2849344993157
NA NA
174.611831209445 -36.9448795290431
174.776462940116 -36.8460198881885
NA NA
174.930387999667 -36.9008862123647
174.757888266942 -36.843309395947
NA NA
174.886787185374 -36.9198534970447
174.768239147375 -36.8473685318288
NA NA
174.787096086143 -36.9197417730461
174.757888266942 -36.843309395947
NA NA
174.786737107003 -36.9122699177855
174.757888266942 -36.843309395947
NA NA
174.879903071502 -41.208409783203
174.774695309909 -41.2910192006764
NA NA
175.027081311196 -40.8646333328295
174.775725930044 -41.2849344993157
NA NA
174.929168850023 -41.2179400935278
174.775725930044 -41.2849344993157
NA NA
174.872694027522 -36.9085095004757
174.768239147375 -36.8473685318288
NA NA
174.974761454369 -37.1122076796899
174.777062988926 -36.868538887592
NA NA
174.865329549665 -36.8838682640955
174.776462940116 -36.8460198881885
NA NA
174.81690066648 -41.1814775354904
174.787726387487 -41.2762482181292
NA NA
174.917585897038 -36.9759679661091
174.757888266942 -36.843309395947
NA NA
174.867063402892 -41.0988684163092
174.775725930044 -41.2849344993157
NA NA
174.711108250425 -36.8953260686607
174.776462940116 -36.8460198881885
NA NA
174.913038456335 -37.0015699621828
174.776462940116 -36.8460198881885
NA NA
174.813655669239 -41.1976725328783
174.787726387487 -41.2762482181292
NA NA
174.666344491068 -36.8957913668389
174.776462940116 -36.8460198881885
NA NA
174.842949356506 -36.8940047547121
174.776462940116 -36.8460198881885
NA NA
174.643298121217 -36.9174766997131
174.768239147375 -36.8473685318288
NA NA
174.826988180195 -41.1133953094048
174.787726387487 -41.2762482181292
NA NA
174.617977751561 -36.8592483628518
174.777062988926 -36.868538887592
NA NA
175.01141009126 -40.8945727996569
174.774227343104 -41.2724644521323
NA NA
174.879903071502 -41.208409783203
174.782803658407 -41.2920603374868
NA NA
174.793835249206 -41.2230986139253
174.774695309909 -41.2910192006764
NA NA
174.926483847597 -37.0845646031993
174.768239147375 -36.8473685318288
NA NA
174.796489809628 -36.9186386618762
174.757888266942 -36.843309395947
NA NA
174.745851543227 -36.8703019111544
174.765249719116 -36.8477410359746
NA NA
174.768239147375 -36.8473685318288
174.843067010895 -36.9604449313395
NA NA
174.782199285162 -36.9012456198802
174.768239147375 -36.8473685318288
NA NA
174.993381638088 -40.8948391829386
174.774227343104 -41.2724644521323
NA NA
174.849361203303 -36.970931185614
174.840490187614 -36.914852217626
NA NA
174.605275902987 -36.881677531723
174.776462940116 -36.8460198881885
NA NA
175.027032809774 -41.2770761711945
174.775725930044 -41.2849344993157
NA NA
174.682278319492 -36.9138000266716
174.76555025555 -36.8691309668859
NA NA
174.913579332543 -37.0262473680372
174.776462940116 -36.8460198881885
NA NA
174.827172622375 -41.1740233425422
174.774227343104 -41.2724644521323
NA NA
174.745851543227 -36.8703019111544
174.776462940116 -36.8460198881885
NA NA
174.804006492025 -36.8684808075084
174.765249719116 -36.8477410359746
NA NA
174.837007034209 -36.86978506033
174.765249719116 -36.8477410359746
NA NA
174.998863474916 -40.907994945822
174.787726387487 -41.2762482181292
NA NA
174.655836706408 -36.9294762180752
174.759640826964 -36.8646261257344
NA NA
174.934844842106 -41.2089138236104
174.774227343104 -41.2724644521323
NA NA
174.894322196316 -41.3003156212832
174.775725930044 -41.2849344993157
NA NA
174.97924525482 -41.1864705999831
174.775725930044 -41.2849344993157
NA NA
174.924398712472 -41.1993700393807
174.774695309909 -41.2910192006764
NA NA
175.514252124268 -41.034272422229
174.787726387487 -41.2762482181292
NA NA
174.642533788156 -36.8995563844258
174.765249719116 -36.8477410359746
NA NA
174.825746592325 -36.869561852462
174.768239147375 -36.8473685318288
NA NA
174.838970378887 -41.1772739547595
174.782803658407 -41.2920603374868
NA NA
174.917429817927 -41.2255258193443
174.787726387487 -41.2762482181292
NA NA
174.780359471758 -36.8823681227159
174.768239147375 -36.8473685318288
NA NA
174.657029594556 -36.9076822456252
174.769064684187 -36.8514305649499
NA NA
174.671890353614 -36.9017384001119
174.777062988926 -36.868538887592
NA NA
174.815553093978 -36.9007221530586
174.765249719116 -36.8477410359746
NA NA
175.066434070416 -40.8659793429967
174.775725930044 -41.2849344993157
NA NA
175.00981756474 -41.1522698831938
174.775725930044 -41.2849344993157
NA NA
175.057879558955 -41.1201996980684
174.787726387487 -41.2762482181292
NA NA
174.877995946934 -37.0188881244892
174.762769143314 -36.847071038916
NA NA
174.938110052528 -37.0807433065747
174.869475279177 -36.9913899079519
NA NA
174.782199285162 -36.9012456198802
174.776462940116 -36.8460198881885
NA NA
174.717653077721 -36.8748147137862
174.777062988926 -36.868538887592
NA NA
174.826988180195 -41.1133953094048
174.782803658407 -41.2920603374868
NA NA
174.947977605847 -37.0768257621048
174.777062988926 -36.868538887592
NA NA
174.682278319492 -36.9138000266716
174.777980522584 -36.8567926110437
NA NA
174.849361203303 -36.970931185614
174.869475279177 -36.9913899079519
NA NA
174.776462940116 -36.8460198881885
174.777062988926 -36.868538887592
NA NA
175.458625368523 -41.2198197148093
174.774227343104 -41.2724644521323
NA NA
175.040825613487 -41.1489054434139
174.774227343104 -41.2724644521323
NA NA
174.984730585792 -40.8919556269186
174.774227343104 -41.2724644521323
NA NA
174.860696823241 -36.9633729258793
174.765249719116 -36.8477410359746
NA NA
174.803006235302 -41.2176424847666
174.774227343104 -41.2724644521323
NA NA
175.087126455229 -41.117396993749
174.775725930044 -41.2849344993157
NA NA
174.630771575131 -36.9645698405995
174.777062988926 -36.868538887592
NA NA
174.642533788156 -36.8995563844258
174.822589135064 -36.9199981113009
NA NA
175.017682738262 -41.1684486681971
174.787726387487 -41.2762482181292
NA NA
174.860357509895 -36.902285102023
174.765249719116 -36.8477410359746
NA NA
174.620978552086 -36.8989238927911
174.765249719116 -36.8477410359746
NA NA
174.697457535809 -36.9033661340936
174.762769143314 -36.847071038916
NA NA
174.827448273056 -36.8828541567823
174.765249719116 -36.8477410359746
NA NA
174.643298121217 -36.9174766997131
174.777062988926 -36.868538887592
NA NA
174.723396656675 -36.8834503439522
174.765249719116 -36.8477410359746
NA NA
174.863505638084 -41.1159326374811
174.787726387487 -41.2762482181292
NA NA
174.657029594556 -36.9076822456252
174.685965708765 -36.9074846676529
NA NA
175.038266531754 -41.1120521774918
174.787726387487 -41.2762482181292
NA NA
174.664741388238 -36.9144557158556
174.777980522584 -36.8567926110437
NA NA
174.874534152783 -41.088971258674
174.787726387487 -41.2762482181292
NA NA
174.84460805168 -36.9083361930208
174.765249719116 -36.8477410359746
NA NA
174.968951360034 -40.9718683167787
174.782803658407 -41.2920603374868
NA NA
174.909370892538 -36.9047310380619
174.757888266942 -36.843309395947
NA NA
174.829318185966 -36.8938829441313
174.776462940116 -36.8460198881885
NA NA
175.082469829395 -37.1468622196566
174.843067010895 -36.9604449313395
NA NA
174.826988180195 -41.1133953094048
174.775725930044 -41.2849344993157
NA NA
174.682278319492 -36.9138000266716
174.776462940116 -36.8460198881885
NA NA
174.794235230813 -36.8714713592238
174.765249719116 -36.8477410359746
NA NA
175.113152896419 -41.0859601295419
174.775725930044 -41.2849344993157
NA NA
174.846505452691 -36.980081057907
174.822589135064 -36.9199981113009
NA NA
174.793261044463 -41.2350567239789
174.775725930044 -41.2849344993157
NA NA
174.982164225412 -40.9158220191012
174.787726387487 -41.2762482181292
NA NA
174.655836706408 -36.9294762180752
174.768239147375 -36.8473685318288
NA NA
174.849361203303 -36.970931185614
174.843067010895 -36.9604449313395
NA NA
174.986983534394 -41.1850291249888
174.774227343104 -41.2724644521323
NA NA
175.451364449116 -40.9170966289417
174.774227343104 -41.2724644521323
NA NA
174.832604113547 -36.9640015181549
174.851621821905 -36.9204606377055
NA NA
174.682278319492 -36.9138000266716
174.768239147375 -36.8473685318288
NA NA
174.765937739525 -36.8549853382495
174.822589135064 -36.9199981113009
NA NA
174.858006588625 -36.9746174608254
174.762769143314 -36.847071038916
NA NA
174.821072082792 -41.1642554818472
174.780072354186 -41.2969152403035
NA NA
174.885461243221 -37.013325704325
174.776462940116 -36.8460198881885
NA NA
174.760979491974 -36.874834800476
174.777062988926 -36.868538887592
NA NA
174.993121349988 -41.1669316967081
174.774227343104 -41.2724644521323
NA NA
174.81690066648 -41.1814775354904
174.782803658407 -41.2920603374868
NA NA
174.982164225412 -40.9158220191012
174.775725930044 -41.2849344993157
NA NA
174.662667914756 -36.903806431413
174.776462940116 -36.8460198881885
NA NA
174.81690066648 -41.1814775354904
174.774227343104 -41.2724644521323
NA NA
174.992708932364 -40.9218623884655
174.774227343104 -41.2724644521323
NA NA
174.821441318445 -36.8760596952058
174.765249719116 -36.8477410359746
NA NA
174.620978552086 -36.8989238927911
174.777062988926 -36.868538887592
NA NA
174.868826761695 -36.9181902108839
174.765249719116 -36.8477410359746
NA NA
175.00981756474 -41.1522698831938
174.774227343104 -41.2724644521323
NA NA
174.877811005531 -36.9147051123973
174.757888266942 -36.843309395947
NA NA
175.630298374941 -40.9574561976361
174.775725930044 -41.2849344993157
NA NA
174.932728571509 -37.0686478574212
174.776462940116 -36.8460198881885
NA NA
174.827172622375 -41.1740233425422
174.775725930044 -41.2849344993157
NA NA
174.776462940116 -36.8460198881885
174.822589135064 -36.9199981113009
NA NA
175.019051432066 -41.1387735824037
174.774227343104 -41.2724644521323
NA NA
175.08046254073 -41.3327316382593
174.787726387487 -41.2762482181292
NA NA
174.875226825103 -37.0512812751759
174.843067010895 -36.9604449313395
NA NA
174.682837686042 -36.9211020205487
174.777062988926 -36.868538887592
NA NA
174.85723027841 -41.1282577026877
174.774227343104 -41.2724644521323
NA NA
174.921775461773 -36.910038765053
174.776462940116 -36.8460198881885
NA NA
174.655836706408 -36.9294762180752
174.777062988926 -36.868538887592
NA NA
174.846088112912 -36.8754672877849
174.776462940116 -36.8460198881885
NA NA
175.040825613487 -41.1489054434139
174.787726387487 -41.2762482181292
NA NA
174.653020590942 -36.9156025475667
174.777980522584 -36.8567926110437
NA NA
174.879998789483 -41.1298463109508
174.775725930044 -41.2849344993157
NA NA
174.787096086143 -36.9197417730461
174.765249719116 -36.8477410359746
NA NA
174.865329549665 -36.8838682640955
174.762769143314 -36.847071038916
NA NA
174.941072186739 -41.1908829856248
174.774227343104 -41.2724644521323
NA NA
174.679695573082 -36.8890362820116
174.777062988926 -36.868538887592
NA NA
174.922479116524 -36.917249637584
174.765249719116 -36.8477410359746
NA NA
174.613138786206 -36.8873806743293
174.765249719116 -36.8477410359746
NA NA
174.968951360034 -40.9718683167787
174.787726387487 -41.2762482181292
NA NA
175.049247380185 -40.8625145616252
174.774227343104 -41.2724644521323
NA NA
174.883806656367 -36.8954659954908
174.765249719116 -36.8477410359746
NA NA
174.959185343726 -41.184923381954
174.774227343104 -41.2724644521323
NA NA
174.671682462529 -36.9079404202258
174.768285484651 -36.8601317792491
NA NA
174.929168850023 -41.2179400935278
174.787726387487 -41.2762482181292
NA NA
174.932175094995 -36.9650398589327
174.757888266942 -36.843309395947
NA NA
174.785927557003 -36.8700874324887
174.776462940116 -36.8460198881885
NA NA
174.979208545397 -37.058461232054
174.776462940116 -36.8460198881885
NA NA
174.666218633145 -36.9252097695368
174.757888266942 -36.843309395947
NA NA
174.846505452691 -36.980081057907
174.762769143314 -36.847071038916
NA NA
174.794891309708 -36.9260688586301
174.777062988926 -36.868538887592
NA NA
174.84460805168 -36.9083361930208
174.762769143314 -36.847071038916
NA NA
174.84460805168 -36.9083361930208
174.768239147375 -36.8473685318288
NA NA
174.717653077721 -36.8748147137862
174.768285484651 -36.8601317792491
NA NA
174.695627492586 -36.8895457722687
174.768285484651 -36.8601317792491
NA NA
174.809492967348 -41.1320440787065
174.774695309909 -41.2910192006764
NA NA
174.888616339233 -36.9116017844597
174.756591240391 -36.8485780685531
NA NA
174.947977605847 -37.0768257621048
174.776462940116 -36.8460198881885
NA NA
175.0367907226 -41.1289091393658
174.787726387487 -41.2762482181292
NA NA
175.045643935642 -41.13282550523
174.775725930044 -41.2849344993157
NA NA
174.798803942282 -36.9008412129742
174.756591240391 -36.8485780685531
NA NA
174.643731088075 -36.9292029743652
174.765249719116 -36.8477410359746
NA NA
174.867237903887 -36.8646606063584
174.757888266942 -36.843309395947
NA NA
174.821052606917 -36.8923091197469
174.765249719116 -36.8477410359746
NA NA
174.643298121217 -36.9174766997131
174.757888266942 -36.843309395947
NA NA
174.85723027841 -41.1282577026877
174.787726387487 -41.2762482181292
NA NA
174.947946121672 -37.0574140638696
174.762769143314 -36.847071038916
NA NA
175.038266531754 -41.1120521774918
174.774227343104 -41.2724644521323
NA NA
174.968951360034 -40.9718683167787
174.774227343104 -41.2724644521323
NA NA
174.924398712472 -41.1993700393807
174.774227343104 -41.2724644521323
NA NA
174.777062988926 -36.868538887592
174.757888266942 -36.843309395947
NA NA
174.860395723677 -41.0676849306519
174.774227343104 -41.2724644521323
NA NA
174.821072082792 -41.1642554818472
174.774695309909 -41.2910192006764
NA NA
174.947977605847 -37.0768257621048
174.843067010895 -36.9604449313395
NA NA
175.072440489481 -41.1187571955805
174.774227343104 -41.2724644521323
NA NA
174.986983534394 -41.1850291249888
174.787726387487 -41.2762482181292
NA NA
175.049247380185 -40.8625145616252
174.775725930044 -41.2849344993157
NA NA
175.324296714746 -41.1161096430509
174.772839725503 -41.294693101456
NA NA
175.066434070416 -40.8659793429967
174.998863474916 -40.907994945822
NA NA
174.998863474916 -40.907994945822
174.774695309909 -41.2910192006764
NA NA
174.792957097414 -36.8915767566304
174.762769143314 -36.847071038916
NA NA
174.827172622375 -41.1740233425422
174.825830468714 -41.1458435901967
NA NA
175.526839390031 -41.0194344654843
174.775725930044 -41.2849344993157
NA NA
174.807506704448 -36.8920068582413
174.757888266942 -36.843309395947
NA NA
174.792957097414 -36.8915767566304
174.776462940116 -36.8460198881885
NA NA
174.682278319492 -36.9138000266716
174.759640826964 -36.8646261257344
NA NA
174.671682462529 -36.9079404202258
174.629284264228 -36.8896858041846
NA NA
174.913038456335 -37.0015699621828
174.757888266942 -36.843309395947
NA NA
175.019051432066 -41.1387735824037
174.787726387487 -41.2762482181292
NA NA
174.929168850023 -41.2179400935278
174.774227343104 -41.2724644521323
NA NA
174.625342296968 -36.8760615343018
174.777062988926 -36.868538887592
NA NA
174.831779294821 -36.9021211345657
174.757888266942 -36.843309395947
NA NA
174.792957097414 -36.8915767566304
174.822589135064 -36.9199981113009
NA NA
174.8388454184 -36.9014870150119
174.757888266942 -36.843309395947
NA NA
174.642533788156 -36.8995563844258
174.776462940116 -36.8460198881885
NA NA
174.82205607551 -36.9587264427807
174.768239147375 -36.8473685318288
NA NA
174.759640826964 -36.8646261257344
174.776462940116 -36.8460198881885
NA NA
174.695627492586 -36.8895457722687
174.757888266942 -36.843309395947
NA NA
174.723396656675 -36.8834503439522
174.76555025555 -36.8691309668859
NA NA
174.842949356506 -36.8940047547121
174.757888266942 -36.843309395947
NA NA
175.105878130465 -40.7971094696242
174.775725930044 -41.2849344993157
NA NA
174.625342296968 -36.8760615343018
174.629284264228 -36.8896858041846
NA NA
174.998820937771 -40.8810764287829
174.774695309909 -41.2910192006764
NA NA
174.930402487472 -36.8871594637471
174.765249719116 -36.8477410359746
NA NA
174.932728571509 -37.0686478574212
174.843067010895 -36.9604449313395
NA NA
174.897328341878 -36.9942174660156
174.776462940116 -36.8460198881885
NA NA
174.846505452691 -36.980081057907
174.843067010895 -36.9604449313395
NA NA
174.900424644875 -37.0171708164708
174.765249719116 -36.8477410359746
NA NA
174.642533788156 -36.8995563844258
174.759640826964 -36.8646261257344
NA NA
174.746220303404 -36.8620992552956
174.777062988926 -36.868538887592
NA NA
174.788540049667 -36.943569763306
174.776462940116 -36.8460198881885
NA NA
174.654168286114 -36.8969122948187
174.776462940116 -36.8460198881885
NA NA
174.829318185966 -36.8938829441313
174.757888266942 -36.843309395947
NA NA
174.739888772691 -36.8805326848745
174.777062988926 -36.868538887592
NA NA
174.932877086318 -41.2510464147511
174.787726387487 -41.2762482181292
NA NA
174.900424644875 -37.0171708164708
174.806124642322 -36.8989711704364
NA NA
174.716900550879 -36.8895119084911
174.777062988926 -36.868538887592
NA NA
174.795265204902 -36.8844351833572
174.757888266942 -36.843309395947
NA NA
174.850072146313 -41.1516095877852
174.774227343104 -41.2724644521323
NA NA
174.932877086318 -41.2510464147511
174.774227343104 -41.2724644521323
NA NA
174.642533788156 -36.8995563844258
174.777980522584 -36.8567926110437
NA NA
174.771631213548 -41.2464145908283
174.775725930044 -41.2849344993157
NA NA
174.906648688234 -41.2087223647757
174.774227343104 -41.2724644521323
NA NA
174.909265315048 -41.2807802818778
174.775725930044 -41.2849344993157
NA NA
174.699361418734 -36.8794805332492
174.777062988926 -36.868538887592
NA NA
174.93888308726 -37.0415735945977
174.776462940116 -36.8460198881885
NA NA
174.837230141724 -36.8867802835519
174.762769143314 -36.847071038916
NA NA
174.571068236821 -36.8810949964633
174.756591240391 -36.8485780685531
NA NA
174.983291558065 -40.9412661197965
174.774695309909 -41.2910192006764
NA NA
174.806953095885 -41.2108663138274
174.787726387487 -41.2762482181292
NA NA
175.017682738262 -41.1684486681971
174.774227343104 -41.2724644521323
NA NA
174.684638603582 -36.8946796459665
174.777062988926 -36.868538887592
NA NA
175.08046254073 -41.3327316382593
174.775725930044 -41.2849344993157
NA NA
174.949566071868 -41.1997394279424
174.774695309909 -41.2910192006764
NA NA
174.655836706408 -36.9294762180752
174.768285484651 -36.8601317792491
NA NA
174.6490369756 -36.8920903878018
174.777062988926 -36.868538887592
NA NA
174.703245534013 -36.9091942536598
174.765249719116 -36.8477410359746
NA NA
174.793835249206 -41.2230986139253
174.775725930044 -41.2849344993157
NA NA
174.666218633145 -36.9252097695368
174.776462940116 -36.8460198881885
NA NA
174.862356229531 -36.9835446397582
174.762769143314 -36.847071038916
NA NA
174.917429817927 -41.2255258193443
174.869694439324 -41.223623561663
NA NA
174.938110052528 -37.0807433065747
174.757888266942 -36.843309395947
NA NA
174.941072186739 -41.1908829856248
174.774695309909 -41.2910192006764
NA NA
174.716900550879 -36.8895119084911
174.776462940116 -36.8460198881885
NA NA
174.839171899621 -36.9693007360619
174.806124642322 -36.8989711704364
NA NA
174.873492643551 -41.0441954428807
174.825830468714 -41.1458435901967
NA NA
174.697457535809 -36.9033661340936
174.776462940116 -36.8460198881885
NA NA
174.8388454184 -36.9014870150119
174.762769143314 -36.847071038916
NA NA
174.947977605847 -37.0768257621048
174.822589135064 -36.9199981113009
NA NA
174.584629750512 -36.8648960706891
174.765249719116 -36.8477410359746
NA NA
174.807506704448 -36.8920068582413
174.756591240391 -36.8485780685531
NA NA
174.837007034209 -36.86978506033
174.756591240391 -36.8485780685531
NA NA
175.139668026828 -40.7530413963573
174.787726387487 -41.2762482181292
NA NA
174.84460805168 -36.9083361930208
174.822589135064 -36.9199981113009
NA NA
174.833801439707 -41.1566644159228
174.825830468714 -41.1458435901967
NA NA
174.993121349988 -41.1669316967081
174.775725930044 -41.2849344993157
NA NA
174.860357509895 -36.902285102023
174.776462940116 -36.8460198881885
NA NA
174.927320653467 -41.2057367451999
174.787726387487 -41.2762482181292
NA NA
174.682837686042 -36.9211020205487
174.768285484651 -36.8601317792491
NA NA
174.872694027522 -36.9085095004757
174.776462940116 -36.8460198881885
NA NA
174.87140063663 -41.1372251367026
174.775725930044 -41.2849344993157
NA NA
174.907668652887 -41.2199209978942
174.774695309909 -41.2910192006764
NA NA
174.771631213548 -41.2464145908283
174.787726387487 -41.2762482181292
NA NA
174.664741388238 -36.9144557158556
174.759640826964 -36.8646261257344
NA NA
174.796489809628 -36.9186386618762
174.762769143314 -36.847071038916
NA NA
174.93888308726 -37.0415735945977
174.822589135064 -36.9199981113009
NA NA
174.777062988926 -36.868538887592
174.776462940116 -36.8460198881885
NA NA
174.65622649464 -36.9458072079958
174.777062988926 -36.868538887592
NA NA
174.793261044463 -41.2350567239789
174.787726387487 -41.2762482181292
NA NA
174.745851543227 -36.8703019111544
174.768239147375 -36.8473685318288
NA NA
174.682837686042 -36.9211020205487
174.765249719116 -36.8477410359746
NA NA
174.821072082792 -41.1642554818472
174.774227343104 -41.2724644521323
NA NA
174.662667914756 -36.903806431413
174.768285484651 -36.8601317792491
NA NA
174.821072082792 -41.1642554818472
174.825830468714 -41.1458435901967
NA NA
174.873710922706 -36.8554047557838
174.776462940116 -36.8460198881885
NA NA
174.771631213548 -41.2464145908283
174.807431264498 -41.2237212493742
NA NA
174.794235230813 -36.8714713592238
174.843067010895 -36.9604449313395
NA NA
174.81690066648 -41.1814775354904
174.772839725503 -41.294693101456
NA NA
174.6490369756 -36.8920903878018
174.757888266942 -36.843309395947
NA NA
174.947946121672 -37.0574140638696
174.777062988926 -36.868538887592
NA NA
174.87140063663 -41.1372251367026
174.774227343104 -41.2724644521323
NA NA
174.891072682637 -41.1171713402428
174.774227343104 -41.2724644521323
NA NA
174.88725425196 -41.229675970817
174.774227343104 -41.2724644521323
NA NA
174.787096086143 -36.9197417730461
174.768239147375 -36.8473685318288
NA NA
174.664741388238 -36.9144557158556
174.768239147375 -36.8473685318288
NA NA
174.909361287892 -41.2134915861633
174.774695309909 -41.2910192006764
NA NA
174.821072082792 -41.1642554818472
174.787726387487 -41.2762482181292
NA NA
174.924398712472 -41.1993700393807
174.775725930044 -41.2849344993157
NA NA
174.93888308726 -37.0415735945977
174.843067010895 -36.9604449313395
NA NA
174.927320653467 -41.2057367451999
174.775725930044 -41.2849344993157
NA NA
175.257100239014 -40.5737854154762
174.775725930044 -41.2849344993157
NA NA
174.798803942282 -36.9008412129742
174.776462940116 -36.8460198881885
NA NA
175.0367907226 -41.1289091393658
174.775725930044 -41.2849344993157
NA NA
174.979208545397 -37.058461232054
174.777062988926 -36.868538887592
NA NA
174.815553093978 -36.9007221530586
174.762769143314 -36.847071038916
NA NA
174.921239007095 -41.1900686003112
174.787726387487 -41.2762482181292
NA NA
174.613138786206 -36.8873806743293
174.776462940116 -36.8460198881885
NA NA
174.933941091113 -36.9123424557722
174.768239147375 -36.8473685318288
NA NA
174.91221484087 -36.9458412468444
174.776462940116 -36.8460198881885
NA NA
174.776462940116 -36.8460198881885
174.869475279177 -36.9913899079519
NA NA
174.777062988926 -36.868538887592
174.762769143314 -36.847071038916
NA NA
175.027855925884 -40.8829009397311
174.774227343104 -41.2724644521323
NA NA
174.873492643551 -41.0441954428807
174.774227343104 -41.2724644521323
NA NA
174.653020590942 -36.9156025475667
174.757888266942 -36.843309395947
NA NA
174.821052606917 -36.8923091197469
174.776462940116 -36.8460198881885
NA NA
174.88235003746 -41.1133145386144
174.774227343104 -41.2724644521323
NA NA
174.671682462529 -36.9079404202258
174.762769143314 -36.847071038916
NA NA
175.458625368523 -41.2198197148093
174.787726387487 -41.2762482181292
NA NA
174.837230141724 -36.8867802835519
174.757888266942 -36.843309395947
NA NA
174.846505452691 -36.980081057907
174.757888266942 -36.843309395947
NA NA
174.650125994436 -36.8808449074494
174.776462940116 -36.8460198881885
NA NA
174.771631213548 -41.2464145908283
174.782803658407 -41.2920603374868
NA NA
174.613458263626 -36.8759544807935
174.765249719116 -36.8477410359746
NA NA
174.856919949642 -36.8731609982585
174.762769143314 -36.847071038916
NA NA
174.947977605847 -37.0768257621048
174.762769143314 -36.847071038916
NA NA
174.717653077721 -36.8748147137862
174.776462940116 -36.8460198881885
NA NA
174.803006235302 -41.2176424847666
174.787726387487 -41.2762482181292
NA NA
174.88235003746 -41.1133145386144
174.774695309909 -41.2910192006764
NA NA
174.84460805168 -36.9083361930208
174.777980522584 -36.8567926110437
NA NA
174.843886152417 -41.098659795683
174.774695309909 -41.2910192006764
NA NA
174.949566071868 -41.1997394279424
174.869694439324 -41.223623561663
NA NA
174.829318185966 -36.8938829441313
174.762769143314 -36.847071038916
NA NA
174.900424644875 -37.0171708164708
174.776462940116 -36.8460198881885
NA NA
174.796489809628 -36.9186386618762
174.756591240391 -36.8485780685531
NA NA
174.85544369053 -36.9269911793515
174.776462940116 -36.8460198881885
NA NA
174.986983534394 -41.1850291249888
174.775725930044 -41.2849344993157
NA NA
174.825746592325 -36.869561852462
174.769064684187 -36.8514305649499
NA NA
175.454283785365 -41.082429411468
174.775725930044 -41.2849344993157
NA NA
174.890626544522 -41.2248184006885
174.782803658407 -41.2920603374868
NA NA
174.905849667594 -41.1982545049807
174.775725930044 -41.2849344993157
NA NA
174.821072082792 -41.1642554818472
174.775725930044 -41.2849344993157
NA NA
174.914145636929 -36.9095484597072
174.765249719116 -36.8477410359746
NA NA
175.139668026828 -40.7530413963573
174.775725930044 -41.2849344993157
NA NA
174.934844842106 -41.2089138236104
174.775725930044 -41.2849344993157
NA NA
174.815553093978 -36.9007221530586
174.756591240391 -36.8485780685531
NA NA
174.944796407885 -41.2387079508383
174.787726387487 -41.2762482181292
NA NA
174.900424644875 -37.0171708164708
174.777062988926 -36.868538887592
NA NA
174.745851543227 -36.8703019111544
174.777980522584 -36.8567926110437
NA NA
174.774227343104 -41.2724644521323
174.825830468714 -41.1458435901967
NA NA
174.643731088075 -36.9292029743652
174.776462940116 -36.8460198881885
NA NA
174.914194448607 -37.0736995979471
174.777062988926 -36.868538887592
NA NA
174.671682462529 -36.9079404202258
174.759640826964 -36.8646261257344
NA NA
174.897328341878 -36.9942174660156
174.765249719116 -36.8477410359746
NA NA
174.682278319492 -36.9138000266716
174.765249719116 -36.8477410359746
NA NA
174.793835249206 -41.2230986139253
174.787726387487 -41.2762482181292
NA NA
174.846088112912 -36.8754672877849
174.757888266942 -36.843309395947
NA NA
174.780359471758 -36.8823681227159
174.765249719116 -36.8477410359746
NA NA
174.613138786206 -36.8873806743293
174.768239147375 -36.8473685318288
NA NA
174.984730585792 -40.8919556269186
174.825830468714 -41.1458435901967
NA NA
174.804006492025 -36.8684808075084
174.757888266942 -36.843309395947
NA NA
174.86187464096 -36.8952158118867
174.765249719116 -36.8477410359746
NA NA
174.86530683317 -37.0393830707724
174.776462940116 -36.8460198881885
NA NA
174.745851543227 -36.8703019111544
174.777062988926 -36.868538887592
NA NA
174.785465172341 -41.2435097971492
174.787726387487 -41.2762482181292
NA NA
175.108792127691 -41.1062651820501
174.775725930044 -41.2849344993157
NA NA
174.655836706408 -36.9294762180752
174.776462940116 -36.8460198881885
NA NA
174.664741388238 -36.9144557158556
174.776462940116 -36.8460198881885
NA NA
174.934844842106 -41.2089138236104
174.787726387487 -41.2762482181292
NA NA
175.659592340907 -40.9022354845168
174.775725930044 -41.2849344993157
NA NA
174.837230141724 -36.8867802835519
174.765249719116 -36.8477410359746
NA NA
174.628818213191 -36.9130199406523
174.757888266942 -36.843309395947
NA NA
174.630731313962 -36.9037138956831
174.777062988926 -36.868538887592
NA NA
174.837230141724 -36.8867802835519
174.756591240391 -36.8485780685531
NA NA
174.838970378887 -41.1772739547595
174.775725930044 -41.2849344993157
NA NA
175.038266531754 -41.1120521774918
174.775725930044 -41.2849344993157
NA NA
174.757888266942 -36.843309395947
174.777062988926 -36.868538887592
NA NA
174.760466957392 -36.8507089866904
174.822589135064 -36.9199981113009
NA NA
174.983291558065 -40.9412661197965
174.825830468714 -41.1458435901967
NA NA
175.514252124268 -41.034272422229
174.775725930044 -41.2849344993157
NA NA
174.731974428766 -36.8731261217499
174.777062988926 -36.868538887592
NA NA
175.072440489481 -41.1187571955805
174.787726387487 -41.2762482181292
NA NA
175.046046012204 -41.122904185612
174.774227343104 -41.2724644521323
NA NA
174.786737107003 -36.9122699177855
174.768239147375 -36.8473685318288
NA NA
174.731974428766 -36.8731261217499
174.768239147375 -36.8473685318288
NA NA
174.846505452691 -36.980081057907
174.869475279177 -36.9913899079519
NA NA
174.765249719116 -36.8477410359746
174.806124642322 -36.8989711704364
NA NA
174.982164225412 -40.9158220191012
174.774227343104 -41.2724644521323
NA NA
174.868826761695 -36.9181902108839
174.757888266942 -36.843309395947
NA NA
174.774216453307 -36.9196555258892
174.765249719116 -36.8477410359746
NA NA
174.837558485976 -36.9814086776389
174.869475279177 -36.9913899079519
NA NA
174.723396656675 -36.8834503439522
174.762769143314 -36.847071038916
NA NA
174.933941091113 -36.9123424557722
174.757888266942 -36.843309395947
NA NA
174.954739346969 -41.2429915947151
174.775725930044 -41.2849344993157
NA NA
174.850072146313 -41.1516095877852
174.775725930044 -41.2849344993157
NA NA
174.849966551008 -36.9471939556594
174.776462940116 -36.8460198881885
NA NA
174.867814021002 -41.2156275155233
174.774695309909 -41.2910192006764
NA NA
174.642533788156 -36.8995563844258
174.777062988926 -36.868538887592
NA NA
174.776025835202 -41.2531632040306
174.787726387487 -41.2762482181292
NA NA
175.084431629675 -41.1093256008526
174.774227343104 -41.2724644521323
NA NA
175.108792127691 -41.1062651820501
174.787726387487 -41.2762482181292
NA NA
174.809492967348 -41.1320440787065
174.787726387487 -41.2762482181292
NA NA
174.874534152783 -41.088971258674
174.774227343104 -41.2724644521323
NA NA
174.643298121217 -36.9174766997131
174.776462940116 -36.8460198881885
NA NA
174.708211284135 -36.914837412436
174.776462940116 -36.8460198881885
NA NA
174.829318185966 -36.8938829441313
174.768239147375 -36.8473685318288
NA NA
174.759640826964 -36.8646261257344
174.757888266942 -36.843309395947
NA NA
174.707694086757 -36.8820462243478
174.776462940116 -36.8460198881885
NA NA
174.913187567299 -36.889808124876
174.757888266942 -36.843309395947
NA NA
175.066434070416 -40.8659793429967
174.774695309909 -41.2910192006764
NA NA
174.858006588625 -36.9746174608254
174.843067010895 -36.9604449313395
NA NA
175.078831334269 -40.8669921861517
174.998863474916 -40.907994945822
NA NA
174.821052606917 -36.8923091197469
174.762769143314 -36.847071038916
NA NA
174.942818853213 -37.0654230522806
174.777062988926 -36.868538887592
NA NA
174.671890353614 -36.9017384001119
174.776462940116 -36.8460198881885
NA NA
174.613458263626 -36.8759544807935
174.776462940116 -36.8460198881885
NA NA
175.084431629675 -41.1093256008526
174.787726387487 -41.2762482181292
NA NA
174.825746592325 -36.869561852462
174.762769143314 -36.847071038916
NA NA
174.872694027522 -36.9085095004757
174.757888266942 -36.843309395947
NA NA
174.695627492586 -36.8895457722687
174.776462940116 -36.8460198881885
NA NA
175.027081311196 -40.8646333328295
174.787726387487 -41.2762482181292
NA NA
174.893208476406 -41.2034500860113
174.774227343104 -41.2724644521323
NA NA
174.877811005531 -36.9147051123973
174.768239147375 -36.8473685318288
NA NA
175.457937373756 -41.3749030157513
174.775725930044 -41.2849344993157
NA NA
174.795265204902 -36.8844351833572
174.765249719116 -36.8477410359746
NA NA
174.846505452691 -36.980081057907
174.777062988926 -36.868538887592
NA NA
174.941072186739 -41.1908829856248
174.775725930044 -41.2849344993157
NA NA
174.571068236821 -36.8810949964633
174.769064684187 -36.8514305649499
NA NA
175.011866322067 -40.9193466559966
174.787726387487 -41.2762482181292
NA NA
174.932728571509 -37.0686478574212
174.806124642322 -36.8989711704364
NA NA
174.807506704448 -36.8920068582413
174.843067010895 -36.9604449313395
NA NA
174.802108340989 -41.2310217636751
174.774227343104 -41.2724644521323
NA NA
174.813114055258 -36.8848783528119
174.822589135064 -36.9199981113009
NA NA
174.628818213191 -36.9130199406523
174.765249719116 -36.8477410359746
NA NA
174.642533788156 -36.8995563844258
174.757888266942 -36.843309395947
NA NA
174.807506704448 -36.8920068582413
174.777062988926 -36.868538887592
NA NA
174.872694027522 -36.9085095004757
174.756591240391 -36.8485780685531
NA NA
174.842949356506 -36.8940047547121
174.765249719116 -36.8477410359746
NA NA
174.942942364093 -41.1727118434353
174.774227343104 -41.2724644521323
NA NA
174.958432593293 -41.2691305978967
174.774227343104 -41.2724644521323
NA NA
174.68526541699 -36.9262831643955
174.776462940116 -36.8460198881885
NA NA
174.825746592325 -36.869561852462
174.776462940116 -36.8460198881885
NA NA
175.047631945713 -40.9368854316502
174.775725930044 -41.2849344993157
NA NA
174.872694027522 -36.9085095004757
174.765249719116 -36.8477410359746
NA NA
174.927320653467 -41.2057367451999
174.782803658407 -41.2920603374868
NA NA
175.045643935642 -41.13282550523
174.787726387487 -41.2762482181292
NA NA
174.873492643551 -41.0441954428807
174.782803658407 -41.2920603374868
NA NA
175.105878130465 -40.7971094696242
174.774227343104 -41.2724644521323
NA NA
174.849361203303 -36.970931185614
174.757888266942 -36.843309395947
NA NA
174.707694086757 -36.8820462243478
174.757888266942 -36.843309395947
NA NA
174.964627451229 -41.1712631566514
174.787726387487 -41.2762482181292
NA NA
174.682278319492 -36.9138000266716
174.757888266942 -36.843309395947
NA NA
174.893651843328 -41.2140278566628
174.775725930044 -41.2849344993157
NA NA
175.057879558955 -41.1201996980684
174.774227343104 -41.2724644521323
NA NA
174.974761454369 -37.1122076796899
174.843067010895 -36.9604449313395
NA NA
174.856330238974 -36.8639510574475
174.776462940116 -36.8460198881885
NA NA
174.731974428766 -36.8731261217499
174.765249719116 -36.8477410359746
NA NA
175.30050026956 -40.6137142694581
174.775725930044 -41.2849344993157
NA NA
174.837230141724 -36.8867802835519
174.776462940116 -36.8460198881885
NA NA
174.696609260503 -36.9145218696542
174.776462940116 -36.8460198881885
NA NA
174.933941091113 -36.9123424557722
174.762769143314 -36.847071038916
NA NA
174.657029594556 -36.9076822456252
174.777062988926 -36.868538887592
NA NA
174.819837156194 -41.2167436976365
174.775725930044 -41.2849344993157
NA NA
174.899037525563 -36.9086275380906
174.776462940116 -36.8460198881885
NA NA
174.584629750512 -36.8648960706891
174.777062988926 -36.868538887592
NA NA
174.900408763879 -37.0313883400559
174.776462940116 -36.8460198881885
NA NA
175.01141009126 -40.8945727996569
174.774695309909 -41.2910192006764
NA NA
174.794235230813 -36.8714713592238
174.762769143314 -36.847071038916
NA NA
174.605275902987 -36.881677531723
174.762769143314 -36.847071038916
NA NA
174.613458263626 -36.8759544807935
174.759640826964 -36.8646261257344
NA NA
174.837558485976 -36.9814086776389
174.840490187614 -36.914852217626
NA NA
174.807431264498 -41.2237212493742
174.787726387487 -41.2762482181292
NA NA
174.630771575131 -36.9645698405995
174.776462940116 -36.8460198881885
NA NA
174.777062988926 -36.868538887592
174.765249719116 -36.8477410359746
NA NA
174.768239147375 -36.8473685318288
174.822589135064 -36.9199981113009
NA NA
174.949764072624 -41.2741022975739
174.787726387487 -41.2762482181292
NA NA
174.696609260503 -36.9145218696542
174.757888266942 -36.843309395947
NA NA
174.794235230813 -36.8714713592238
174.776462940116 -36.8460198881885
NA NA
174.815553093978 -36.9007221530586
174.776462940116 -36.8460198881885
NA NA
174.827710935296 -36.9111679140794
174.765249719116 -36.8477410359746
NA NA
174.880879125758 -37.0252936100741
174.776462940116 -36.8460198881885
NA NA
174.893651843328 -41.2140278566628
174.774227343104 -41.2724644521323
NA NA
174.909361287892 -41.2134915861633
174.787726387487 -41.2762482181292
NA NA
174.653020590942 -36.9156025475667
174.768239147375 -36.8473685318288
NA NA
174.776025835202 -41.2531632040306
174.774695309909 -41.2910192006764
NA NA
174.602205914751 -36.8600587409813
174.685965708765 -36.9074846676529
NA NA
174.798803942282 -36.9008412129742
174.762769143314 -36.847071038916
NA NA
174.846505452691 -36.980081057907
174.768239147375 -36.8473685318288
NA NA
174.862356229531 -36.9835446397582
174.822589135064 -36.9199981113009
NA NA
174.838970378887 -41.1772739547595
174.774695309909 -41.2910192006764
NA NA
174.998820937771 -40.8810764287829
174.775725930044 -41.2849344993157
NA NA
174.962485108445 -41.1973775566154
174.774695309909 -41.2910192006764
NA NA
174.695627492586 -36.8895457722687
174.759640826964 -36.8646261257344
NA NA
174.745951459176 -36.8747643678481
174.776462940116 -36.8460198881885
NA NA
174.89140685077 -36.9013799777437
174.776462940116 -36.8460198881885
NA NA
174.858006588625 -36.9746174608254
174.768239147375 -36.8473685318288
NA NA
174.653020590942 -36.9156025475667
174.685965708765 -36.9074846676529
NA NA
174.858006588625 -36.9746174608254
174.777062988926 -36.868538887592
NA NA
174.917585897038 -36.9759679661091
174.765249719116 -36.8477410359746
NA NA
174.837558485976 -36.9814086776389
174.765249719116 -36.8477410359746
NA NA
174.630771575131 -36.9645698405995
174.757888266942 -36.843309395947
NA NA
174.874534152783 -41.088971258674
174.782803658407 -41.2920603374868
NA NA
174.752583669378 -36.8745558194811
174.776462940116 -36.8460198881885
NA NA
175.078831334269 -40.8669921861517
174.825830468714 -41.1458435901967
NA NA
175.579356461267 -40.8951181487944
174.775725930044 -41.2849344993157
NA NA
174.837558485976 -36.9814086776389
174.777062988926 -36.868538887592
NA NA
175.040825613487 -41.1489054434139
174.775725930044 -41.2849344993157
NA NA
174.636432745592 -36.9153992630271
174.768239147375 -36.8473685318288
NA NA
174.942942364093 -41.1727118434353
174.774695309909 -41.2910192006764
NA NA
174.962394489617 -37.0593343519148
174.843067010895 -36.9604449313395
NA NA
174.899037525563 -36.9086275380906
174.762769143314 -36.847071038916
NA NA
174.879903071502 -41.208409783203
174.787726387487 -41.2762482181292
NA NA
174.917830221508 -37.0198626108544
174.765249719116 -36.8477410359746
NA NA
174.849361203303 -36.970931185614
174.776462940116 -36.8460198881885
NA NA
174.730787693625 -36.8924927274033
174.776462940116 -36.8460198881885
NA NA
174.761826289764 -41.2575451100539
174.774227343104 -41.2724644521323
NA NA
174.88235003746 -41.1133145386144
174.775725930044 -41.2849344993157
NA NA
174.684638603582 -36.8946796459665
174.776462940116 -36.8460198881885
NA NA
174.869694439324 -41.223623561663
174.775725930044 -41.2849344993157
NA NA
174.650125994436 -36.8808449074494
174.777062988926 -36.868538887592
NA NA
174.949566071868 -41.1997394279424
174.787726387487 -41.2762482181292
NA NA
174.613138786206 -36.8873806743293
174.768285484651 -36.8601317792491
NA NA
174.759640826964 -36.8646261257344
174.685965708765 -36.9074846676529
NA NA
174.796489809628 -36.9186386618762
174.765249719116 -36.8477410359746
NA NA
174.67180630063 -36.9179321696142
174.757888266942 -36.843309395947
NA NA
174.682837686042 -36.9211020205487
174.757888266942 -36.843309395947
NA NA
174.907668652887 -41.2199209978942
174.774227343104 -41.2724644521323
NA NA
174.806953095885 -41.2108663138274
174.775725930044 -41.2849344993157
NA NA
174.849966551008 -36.9471939556594
174.762769143314 -36.847071038916
NA NA
174.625342296968 -36.8760615343018
174.757888266942 -36.843309395947
NA NA
175.060868289171 -41.1288852806853
174.774227343104 -41.2724644521323
NA NA
175.169632576258 -40.743695334476
174.775725930044 -41.2849344993157
NA NA
174.867237903887 -36.8646606063584
174.776462940116 -36.8460198881885
NA NA
175.019051432066 -41.1387735824037
175.076264909269 -41.1271117223585
NA NA
174.821052606917 -36.8923091197469
174.757888266942 -36.843309395947
NA NA
174.920552576357 -41.2149959336925
174.775725930044 -41.2849344993157
NA NA
175.143351444403 -41.0887070512893
174.774227343104 -41.2724644521323
NA NA
174.909370892538 -36.9047310380619
174.768239147375 -36.8473685318288
NA NA
174.850072146313 -41.1516095877852
174.787726387487 -41.2762482181292
NA NA
174.671682462529 -36.9079404202258
174.776462940116 -36.8460198881885
NA NA
174.815553093978 -36.9007221530586
174.777062988926 -36.868538887592
NA NA
175.045643935642 -41.13282550523
174.774695309909 -41.2910192006764
NA NA
174.904157790695 -41.114591357941
174.774695309909 -41.2910192006764
NA NA
174.849966551008 -36.9471939556594
174.768239147375 -36.8473685318288
NA NA
174.825746592325 -36.869561852462
174.757888266942 -36.843309395947
NA NA
174.643731088075 -36.9292029743652
174.777062988926 -36.868538887592
NA NA
175.074797912605 -40.8373145482141
174.775725930044 -41.2849344993157
NA NA
174.826988180195 -41.1133953094048
174.774695309909 -41.2910192006764
NA NA
174.695198276462 -36.8955246813292
174.765249719116 -36.8477410359746
NA NA
174.893651843328 -41.2140278566628
174.782803658407 -41.2920603374868
NA NA
174.630731313962 -36.9037138956831
174.765249719116 -36.8477410359746
NA NA
174.643731088075 -36.9292029743652
174.768239147375 -36.8473685318288
NA NA
174.968951360034 -40.9718683167787
174.998863474916 -40.907994945822
NA NA
174.873710922706 -36.8554047557838
174.757888266942 -36.843309395947
NA NA
174.795265204902 -36.8844351833572
174.768239147375 -36.8473685318288
NA NA
174.944796407885 -41.2387079508383
174.774227343104 -41.2724644521323
NA NA
174.613138786206 -36.8873806743293
174.777062988926 -36.868538887592
NA NA
174.605275902987 -36.881677531723
174.757888266942 -36.843309395947
NA NA
174.842588013331 -36.8888651469195
174.776462940116 -36.8460198881885
NA NA
175.060868289171 -41.1288852806853
174.787726387487 -41.2762482181292
NA NA
174.843886152417 -41.098659795683
174.774227343104 -41.2724644521323
NA NA
174.679695573082 -36.8890362820116
174.806124642322 -36.8989711704364
NA NA
174.916410351813 -36.9227021990711
174.776462940116 -36.8460198881885
NA NA
174.820535992173 -41.2240631201877
174.775725930044 -41.2849344993157
NA NA
174.979208545397 -37.058461232054
174.765249719116 -36.8477410359746
NA NA
174.664741388238 -36.9144557158556
174.757888266942 -36.843309395947
NA NA
174.807506704448 -36.8920068582413
174.768239147375 -36.8473685318288
NA NA
174.654168286114 -36.8969122948187
174.768285484651 -36.8601317792491
NA NA
174.907668652887 -41.2199209978942
174.775725930044 -41.2849344993157
NA NA
174.904157790695 -41.114591357941
174.774227343104 -41.2724644521323
NA NA
174.890626544522 -41.2248184006885
174.787726387487 -41.2762482181292
NA NA
174.855675846376 -41.1431139366881
174.774227343104 -41.2724644521323
NA NA
174.867063402892 -41.0988684163092
174.825830468714 -41.1458435901967
NA NA
174.809492967348 -41.1320440787065
174.775725930044 -41.2849344993157
NA NA
174.825399034897 -41.2046706117762
174.775725930044 -41.2849344993157
NA NA
174.977361255625 -41.1689162178471
174.774695309909 -41.2910192006764
NA NA
174.905849667594 -41.1982545049807
174.787726387487 -41.2762482181292
NA NA
174.846810657427 -36.9894551113244
174.776462940116 -36.8460198881885
NA NA
174.786737107003 -36.9122699177855
174.765249719116 -36.8477410359746
NA NA
174.869694439324 -41.223623561663
174.774227343104 -41.2724644521323
NA NA
174.89140685077 -36.9013799777437
174.765249719116 -36.8477410359746
NA NA
174.998863474916 -40.907994945822
174.775725930044 -41.2849344993157
NA NA
174.998863474916 -40.907994945822
174.774227343104 -41.2724644521323
NA NA
174.867265430022 -36.9774918338539
174.765249719116 -36.8477410359746
NA NA
174.777062988926 -36.868538887592
174.768239147375 -36.8473685318288
NA NA
174.852844996017 -41.1039879810832
174.774227343104 -41.2724644521323
NA NA
174.625342296968 -36.8760615343018
174.776462940116 -36.8460198881885
NA NA
174.776586571627 -36.9117608204511
174.776462940116 -36.8460198881885
NA NA
174.777980522584 -36.8567926110437
174.822589135064 -36.9199981113009
NA NA
174.852844996017 -41.1039879810832
174.787726387487 -41.2762482181292
NA NA
174.856919949642 -36.8731609982585
174.776462940116 -36.8460198881885
NA NA
174.867063402892 -41.0988684163092
174.774227343104 -41.2724644521323
NA NA
174.716900550879 -36.8895119084911
174.765249719116 -36.8477410359746
NA NA
175.454283785365 -41.082429411468
174.787726387487 -41.2762482181292
NA NA
174.795265204902 -36.8844351833572
174.843067010895 -36.9604449313395
NA NA
174.998820937771 -40.8810764287829
174.787726387487 -41.2762482181292
NA NA
174.909361287892 -41.2134915861633
174.774227343104 -41.2724644521323
NA NA
174.782199285162 -36.9012456198802
174.757888266942 -36.843309395947
NA NA
175.087126455229 -41.117396993749
174.787726387487 -41.2762482181292
NA NA
174.60468089903 -36.8718904429227
174.776462940116 -36.8460198881885
NA NA
174.944796407885 -41.2387079508383
174.775725930044 -41.2849344993157
NA NA
174.938110052528 -37.0807433065747
174.777062988926 -36.868538887592
NA NA
174.717653077721 -36.8748147137862
174.756591240391 -36.8485780685531
NA NA
174.833801439707 -41.1566644159228
174.787726387487 -41.2762482181292
NA NA
174.682837686042 -36.9211020205487
174.776462940116 -36.8460198881885
NA NA
174.671682462529 -36.9079404202258
174.757888266942 -36.843309395947
NA NA
175.047631945713 -40.9368854316502
174.787726387487 -41.2762482181292
NA NA
174.840055033157 -36.9521671966821
174.765249719116 -36.8477410359746
NA NA
174.760466957392 -36.8507089866904
174.840490187614 -36.914852217626
NA NA
174.825746592325 -36.869561852462
174.843067010895 -36.9604449313395
NA NA
174.871431783739 -41.1499971748102
174.775725930044 -41.2849344993157
NA NA
174.959185343726 -41.184923381954
174.775725930044 -41.2849344993157
NA NA
174.840055033157 -36.9521671966821
174.776462940116 -36.8460198881885
NA NA
175.017682738262 -41.1684486681971
174.774695309909 -41.2910192006764
NA NA
174.93888308726 -37.0415735945977
174.806124642322 -36.8989711704364
NA NA
174.833657414921 -36.8820628329079
174.768239147375 -36.8473685318288
NA NA
174.797697511289 -41.242898344828
174.787726387487 -41.2762482181292
NA NA
174.927320653467 -41.2057367451999
174.774227343104 -41.2724644521323
NA NA
174.821441318445 -36.8760596952058
174.776462940116 -36.8460198881885
NA NA
174.838970378887 -41.1772739547595
174.787726387487 -41.2762482181292
NA NA
175.011866322067 -40.9193466559966
174.774227343104 -41.2724644521323
NA NA
174.919795111406 -36.8932036389499
174.776462940116 -36.8460198881885
NA NA
174.993121349988 -41.1669316967081
174.787726387487 -41.2762482181292
NA NA
175.451364449116 -40.9170966289417
174.775725930044 -41.2849344993157
NA NA
174.837007034209 -36.86978506033
174.776462940116 -36.8460198881885
NA NA
174.968951360034 -40.9718683167787
174.775725930044 -41.2849344993157
NA NA
174.782199285162 -36.9012456198802
174.843067010895 -36.9604449313395
NA NA
174.949566071868 -41.1997394279424
174.774227343104 -41.2724644521323
NA NA
174.613458263626 -36.8759544807935
174.768285484651 -36.8601317792491
NA NA
174.942942364093 -41.1727118434353
174.775725930044 -41.2849344993157
NA NA
174.858006588625 -36.9746174608254
174.757888266942 -36.843309395947
NA NA
174.723396656675 -36.8834503439522
174.806124642322 -36.8989711704364
NA NA
174.902524869863 -36.8946658643617
174.762769143314 -36.847071038916
NA NA
174.849361203303 -36.970931185614
174.774008588543 -36.9891028982173
NA NA
174.983291558065 -40.9412661197965
174.775725930044 -41.2849344993157
NA NA
174.635416236827 -36.9466558470668
174.777062988926 -36.868538887592
NA NA
175.046046012204 -41.122904185612
174.787726387487 -41.2762482181292
NA NA
174.883806656367 -36.8954659954908
174.776462940116 -36.8460198881885
NA NA
174.916701730335 -36.9552586153136
174.776462940116 -36.8460198881885
NA NA
175.115987277632 -40.7554268088084
174.775725930044 -41.2849344993157
NA NA
174.858006588625 -36.9746174608254
174.776462940116 -36.8460198881885
NA NA
174.846505452691 -36.980081057907
174.776462940116 -36.8460198881885
NA NA
174.89140685077 -36.9013799777437
174.762769143314 -36.847071038916
NA NA
174.717653077721 -36.8748147137862
174.757888266942 -36.843309395947
NA NA
174.917429817927 -41.2255258193443
174.782803658407 -41.2920603374868
NA NA
174.942942364093 -41.1727118434353
174.787726387487 -41.2762482181292
NA NA
174.998863474916 -40.907994945822
174.782803658407 -41.2920603374868
NA NA
174.825746592325 -36.869561852462
174.765249719116 -36.8477410359746
NA NA
174.795265204902 -36.8844351833572
174.776462940116 -36.8460198881885
NA NA
174.827448273056 -36.8828541567823
174.768239147375 -36.8473685318288
NA NA
174.821248196837 -41.2345485887941
174.775725930044 -41.2849344993157
NA NA
174.983291558065 -40.9412661197965
174.774227343104 -41.2724644521323
NA NA
175.019051432066 -41.1387735824037
174.775725930044 -41.2849344993157
NA NA
174.942818853213 -37.0654230522806
174.822589135064 -36.9199981113009
NA NA
174.887343525678 -37.0321965411331
174.776462940116 -36.8460198881885
NA NA
174.938110052528 -37.0807433065747
174.765249719116 -36.8477410359746
NA NA
174.93888308726 -37.0415735945977
174.777062988926 -36.868538887592
NA NA
174.862356229531 -36.9835446397582
174.765249719116 -36.8477410359746
NA NA
174.944554610242 -41.1958134725475
174.787726387487 -41.2762482181292
NA NA
174.797697511289 -41.242898344828
174.775725930044 -41.2849344993157
NA NA
174.938110052528 -37.0807433065747
174.776462940116 -36.8460198881885
NA NA
174.932292427501 -37.0262252083375
174.806124642322 -36.8989711704364
NA NA
174.826988180195 -41.1133953094048
174.774227343104 -41.2724644521323
NA NA
174.797697511289 -41.242898344828
174.774227343104 -41.2724644521323
NA NA
175.00981756474 -41.1522698831938
174.774695309909 -41.2910192006764
NA NA
174.739888772691 -36.8805326848745
174.776462940116 -36.8460198881885
NA NA
174.745851543227 -36.8703019111544
174.768285484651 -36.8601317792491
NA NA
174.831779294821 -36.9021211345657
174.765249719116 -36.8477410359746
NA NA
174.831779294821 -36.9021211345657
174.776462940116 -36.8460198881885
NA NA
174.846088112912 -36.8754672877849
174.756591240391 -36.8485780685531
NA NA
174.877811005531 -36.9147051123973
174.765249719116 -36.8477410359746
NA NA
174.745851543227 -36.8703019111544
174.762769143314 -36.847071038916
NA NA
174.638513721213 -36.8867513036317
174.777062988926 -36.868538887592
NA NA
174.697457535809 -36.9033661340936
174.777062988926 -36.868538887592
NA NA
174.821441318445 -36.8760596952058
174.757888266942 -36.843309395947
NA NA
174.630731313962 -36.9037138956831
174.776462940116 -36.8460198881885
NA NA
174.821052606917 -36.8923091197469
174.756591240391 -36.8485780685531
NA NA
174.897328341878 -36.9942174660156
174.757888266942 -36.843309395947
NA NA
174.653020590942 -36.9156025475667
174.762769143314 -36.847071038916
NA NA
174.782199285162 -36.9012456198802
174.765249719116 -36.8477410359746
NA NA
174.856919949642 -36.8731609982585
174.765249719116 -36.8477410359746
NA NA
174.933941091113 -36.9123424557722
174.776462940116 -36.8460198881885
NA NA
174.932728571509 -37.0686478574212
174.757888266942 -36.843309395947
NA NA
174.815553093978 -36.9007221530586
174.768239147375 -36.8473685318288
NA NA
174.875226825103 -37.0512812751759
174.776462940116 -36.8460198881885
NA NA
175.454283785365 -41.082429411468
174.774227343104 -41.2724644521323
NA NA
174.630731313962 -36.9037138956831
174.756591240391 -36.8485780685531
NA NA
174.697457535809 -36.9033661340936
174.757888266942 -36.843309395947
NA NA
174.821441318445 -36.8760596952058
174.762769143314 -36.847071038916
NA NA
174.617977751561 -36.8592483628518
174.765249719116 -36.8477410359746
NA NA
174.67180630063 -36.9179321696142
174.806124642322 -36.8989711704364
NA NA
175.078831334269 -40.8669921861517
174.774695309909 -41.2910192006764
NA NA
174.893651843328 -41.2140278566628
174.774695309909 -41.2910192006764
NA NA
174.874534152783 -41.088971258674
174.775725930044 -41.2849344993157
NA NA
174.792957097414 -36.8915767566304
174.777980522584 -36.8567926110437
NA NA
174.625342296968 -36.8760615343018
174.765249719116 -36.8477410359746
NA NA
174.954739346969 -41.2429915947151
174.774227343104 -41.2724644521323
NA NA
174.863505638084 -41.1159326374811
174.774227343104 -41.2724644521323
NA NA
174.843886152417 -41.098659795683
174.787726387487 -41.2762482181292
NA NA
174.739888772691 -36.8805326848745
174.765249719116 -36.8477410359746
NA NA
174.833801439707 -41.1566644159228
174.774695309909 -41.2910192006764
NA NA
174.954739346969 -41.2429915947151
174.787726387487 -41.2762482181292
NA NA
175.712278606599 -40.981541923814
174.775725930044 -41.2849344993157
NA NA
175.01141009126 -40.8945727996569
174.782803658407 -41.2920603374868
NA NA
174.867814021002 -41.2156275155233
174.787726387487 -41.2762482181292
NA NA
174.6490369756 -36.8920903878018
174.765249719116 -36.8477410359746
NA NA
174.888616339233 -36.9116017844597
174.765249719116 -36.8477410359746
NA NA
174.636432745592 -36.9153992630271
174.757888266942 -36.843309395947
NA NA
174.877811005531 -36.9147051123973
174.762769143314 -36.847071038916
NA NA
174.776025835202 -41.2531632040306
174.775725930044 -41.2849344993157
NA NA
174.902140025599 -36.9718724872907
174.765249719116 -36.8477410359746
NA NA
174.636432745592 -36.9153992630271
174.822589135064 -36.9199981113009
NA NA
174.712538969558 -36.9023857770124
174.777062988926 -36.868538887592
NA NA
174.837558485976 -36.9814086776389
174.806124642322 -36.8989711704364
NA NA
174.852844996017 -41.1039879810832
174.775725930044 -41.2849344993157
NA NA
174.823273606856 -36.8536623604843
174.757888266942 -36.843309395947
NA NA
175.045643935642 -41.13282550523
174.774227343104 -41.2724644521323
NA NA
174.949566071868 -41.1997394279424
174.782803658407 -41.2920603374868
NA NA
174.795265204902 -36.8844351833572
174.822589135064 -36.9199981113009
NA NA
174.93888308726 -37.0415735945977
174.768239147375 -36.8473685318288
NA NA
174.617977751561 -36.8592483628518
174.776462940116 -36.8460198881885
NA NA
174.877995946934 -37.0188881244892
174.843067010895 -36.9604449313395
NA NA
174.774216453307 -36.9196555258892
174.776462940116 -36.8460198881885
NA NA
174.793261044463 -41.2350567239789
174.774227343104 -41.2724644521323
NA NA
174.827710935296 -36.9111679140794
174.757888266942 -36.843309395947
NA NA
174.807506704448 -36.8920068582413
174.765249719116 -36.8477410359746
NA NA
174.807431264498 -41.2237212493742
174.774227343104 -41.2724644521323
NA NA
174.821072082792 -41.1642554818472
174.782803658407 -41.2920603374868
NA NA
175.078831334269 -40.8669921861517
174.787726387487 -41.2762482181292
NA NA
174.860357509895 -36.902285102023
174.768239147375 -36.8473685318288
NA NA
174.628818213191 -36.9130199406523
174.777062988926 -36.868538887592
NA NA
174.849361203303 -36.970931185614
174.765249719116 -36.8477410359746
NA NA
174.993121349988 -41.1669316967081
174.774695309909 -41.2910192006764
NA NA
174.804378216842 -36.8774431861475
174.776462940116 -36.8460198881885
NA NA
174.842949356506 -36.8940047547121
174.762769143314 -36.847071038916
NA NA
174.671682462529 -36.9079404202258
174.765249719116 -36.8477410359746
NA NA
174.643298121217 -36.9174766997131
174.759640826964 -36.8646261257344
NA NA
174.873368147335 -41.1200032386725
174.774227343104 -41.2724644521323
NA NA
174.921129408787 -37.0406850561778
174.869475279177 -36.9913899079519
NA NA
174.785465172341 -41.2435097971492
174.774695309909 -41.2910192006764
NA NA
174.942818853213 -37.0654230522806
174.862436707993 -37.0082826349109
NA NA
175.369074648487 -41.0639004416368
174.787726387487 -41.2762482181292
NA NA
174.679695573082 -36.8890362820116
174.776462940116 -36.8460198881885
NA NA
174.60468089903 -36.8718904429227
174.757888266942 -36.843309395947
NA NA
174.979900100941 -41.1557616982401
174.775725930044 -41.2849344993157
NA NA
174.594711274853 -36.9223465909514
174.765249719116 -36.8477410359746
NA NA
174.849361203303 -36.970931185614
174.851621821905 -36.9204606377055
NA NA
174.846088112912 -36.8754672877849
174.765249719116 -36.8477410359746
NA NA
174.780359471758 -36.8823681227159
174.776462940116 -36.8460198881885
NA NA
174.613138786206 -36.8873806743293
174.685965708765 -36.9074846676529
NA NA
174.840055033157 -36.9521671966821
174.869475279177 -36.9913899079519
NA NA
174.909032833256 -41.0568477825857
174.775725930044 -41.2849344993157
NA NA
174.731974428766 -36.8731261217499
174.76555025555 -36.8691309668859
NA NA
174.643298121217 -36.9174766997131
174.762769143314 -36.847071038916
NA NA
174.860357509895 -36.902285102023
174.756591240391 -36.8485780685531
NA NA
175.652543538981 -40.9462676575948
174.775725930044 -41.2849344993157
NA NA
174.798803942282 -36.9008412129742
174.777062988926 -36.868538887592
NA NA
174.849361203303 -36.970931185614
174.806124642322 -36.8989711704364
NA NA
174.921239007095 -41.1900686003112
174.774227343104 -41.2724644521323
NA NA
174.879998789483 -41.1298463109508
174.787726387487 -41.2762482181292
NA NA
174.792957097414 -36.8915767566304
174.843067010895 -36.9604449313395
NA NA
174.921129408787 -37.0406850561778
174.776462940116 -36.8460198881885
NA NA
174.803006235302 -41.2176424847666
174.775725930044 -41.2849344993157
NA NA
174.792957097414 -36.8915767566304
174.757888266942 -36.843309395947
NA NA
174.93888308726 -37.0415735945977
174.762769143314 -36.847071038916
NA NA
174.962485108445 -41.1973775566154
174.787726387487 -41.2762482181292
NA NA
174.921239007095 -41.1900686003112
174.775725930044 -41.2849344993157
NA NA
174.904157790695 -41.114591357941
174.787726387487 -41.2762482181292
NA NA
174.862356229531 -36.9835446397582
174.776462940116 -36.8460198881885
NA NA
174.770709966621 -36.876958374353
174.776462940116 -36.8460198881885
NA NA
174.696609260503 -36.9145218696542
174.777062988926 -36.868538887592
NA NA
174.613458263626 -36.8759544807935
174.685965708765 -36.9074846676529
NA NA
174.941072186739 -41.1908829856248
174.787726387487 -41.2762482181292
NA NA
174.593923669937 -36.8714618853391
174.757888266942 -36.843309395947
NA NA
174.890626544522 -41.2248184006885
174.774695309909 -41.2910192006764
NA NA
174.8388454184 -36.9014870150119
174.765249719116 -36.8477410359746
NA NA
174.643298121217 -36.9174766997131
174.765249719116 -36.8477410359746
NA NA
174.840921290697 -36.8577300346548
174.776462940116 -36.8460198881885
NA NA
174.797697511289 -41.242898344828
174.774695309909 -41.2910192006764
NA NA
174.833657414921 -36.8820628329079
174.776462940116 -36.8460198881885
NA NA
174.86187464096 -36.8952158118867
174.776462940116 -36.8460198881885
NA NA
174.905849667594 -41.1982545049807
174.774695309909 -41.2910192006764
NA NA
174.804006492025 -36.8684808075084
174.869475279177 -36.9913899079519
NA NA
174.745951459176 -36.8747643678481
174.765249719116 -36.8477410359746
NA NA
174.827448273056 -36.8828541567823
174.756591240391 -36.8485780685531
NA NA
174.827448273056 -36.8828541567823
174.757888266942 -36.843309395947
NA NA
174.858929257832 -36.9890546464355
174.776462940116 -36.8460198881885
NA NA
174.920552576357 -41.2149959336925
174.774695309909 -41.2910192006764
NA NA
174.87140063663 -41.1372251367026
174.825830468714 -41.1458435901967
NA NA
174.829318185966 -36.8938829441313
174.777062988926 -36.868538887592
NA NA
174.962485108445 -41.1973775566154
174.775725930044 -41.2849344993157
NA NA
174.708211284135 -36.914837412436
174.777062988926 -36.868538887592
NA NA
174.868826761695 -36.9181902108839
174.762769143314 -36.847071038916
NA NA
174.73825365615 -36.8931487450161
174.777062988926 -36.868538887592
NA NA
174.849361203303 -36.970931185614
174.777062988926 -36.868538887592
NA NA
174.723396656675 -36.8834503439522
174.759640826964 -36.8646261257344
NA NA
174.909361287892 -41.2134915861633
174.775725930044 -41.2849344993157
NA NA
175.049247380185 -40.8625145616252
174.787726387487 -41.2762482181292
NA NA
174.67180630063 -36.9179321696142
174.759640826964 -36.8646261257344
NA NA
174.93888308726 -37.0415735945977
174.765249719116 -36.8477410359746
NA NA
174.802108340989 -41.2310217636751
174.787726387487 -41.2762482181292
NA NA
174.843886152417 -41.098659795683
174.775725930044 -41.2849344993157
NA NA
174.860357509895 -36.902285102023
174.757888266942 -36.843309395947
NA NA
174.856919949642 -36.8731609982585
174.769064684187 -36.8514305649499
NA NA
174.653020590942 -36.9156025475667
174.769064684187 -36.8514305649499
NA NA
174.867063402892 -41.0988684163092
174.774695309909 -41.2910192006764
NA NA
174.982164225412 -40.9158220191012
174.782803658407 -41.2920603374868
NA NA
174.807506704448 -36.8920068582413
174.822589135064 -36.9199981113009
NA NA
174.93888308726 -37.0415735945977
174.757888266942 -36.843309395947
NA NA
174.780359471758 -36.8823681227159
174.762769143314 -36.847071038916
NA NA
174.785927557003 -36.8700874324887
174.762769143314 -36.847071038916
NA NA
174.785927557003 -36.8700874324887
174.822589135064 -36.9199981113009
NA NA
174.856919949642 -36.8731609982585
174.757888266942 -36.843309395947
NA NA
175.087126455229 -41.117396993749
174.774227343104 -41.2724644521323
NA NA
174.593923669937 -36.8714618853391
174.629284264228 -36.8896858041846
NA NA
175.01141009126 -40.8945727996569
174.787726387487 -41.2762482181292
NA NA
175.0367907226 -41.1289091393658
174.774227343104 -41.2724644521323
NA NA
174.796489809628 -36.9186386618762
174.777062988926 -36.868538887592
NA NA
175.047631945713 -40.9368854316502
174.774227343104 -41.2724644521323
NA NA
174.717653077721 -36.8748147137862
174.762769143314 -36.847071038916
NA NA
174.86798824805 -37.0213903346343
174.806124642322 -36.8989711704364
NA NA
175.066434070416 -40.8659793429967
174.774227343104 -41.2724644521323
NA NA
175.117903757988 -41.1566926065605
174.787726387487 -41.2762482181292
NA NA
174.654168286114 -36.8969122948187
174.768239147375 -36.8473685318288
NA NA
174.792957097414 -36.8915767566304
174.768239147375 -36.8473685318288
NA NA
174.962485108445 -41.1973775566154
174.774227343104 -41.2724644521323
NA NA
174.921775461773 -36.910038765053
174.765249719116 -36.8477410359746
NA NA
174.761826289764 -41.2575451100539
174.774695309909 -41.2910192006764
NA NA
174.863505638084 -41.1159326374811
174.775725930044 -41.2849344993157
NA NA
174.9129301372 -37.0486937005985
174.843067010895 -36.9604449313395
NA NA
175.047631945713 -40.9368854316502
174.774695309909 -41.2910192006764
NA NA
174.893208476406 -41.2034500860113
174.775725930044 -41.2849344993157
NA NA
174.731974428766 -36.8731261217499
174.776462940116 -36.8460198881885
NA NA
174.837558485976 -36.9814086776389
174.776462940116 -36.8460198881885
NA NA
174.920552576357 -41.2149959336925
174.774227343104 -41.2724644521323
NA NA
174.625342296968 -36.8760615343018
174.685965708765 -36.9074846676529
NA NA
174.917429817927 -41.2255258193443
174.774227343104 -41.2724644521323
NA NA
174.602205914751 -36.8600587409813
174.765249719116 -36.8477410359746
NA NA
174.862630000761 -41.1396921597434
174.787726387487 -41.2762482181292
NA NA
174.860395723677 -41.0676849306519
174.787726387487 -41.2762482181292
NA NA
174.943282377685 -36.8976556872623
174.768239147375 -36.8473685318288
NA NA
174.807431264498 -41.2237212493742
174.775725930044 -41.2849344993157
NA NA
174.794235230813 -36.8714713592238
174.757888266942 -36.843309395947
NA NA
174.862630000761 -41.1396921597434
174.774227343104 -41.2724644521323
NA NA
175.458625368523 -41.2198197148093
174.775725930044 -41.2849344993157
NA NA
175.324296714746 -41.1161096430509
174.774695309909 -41.2910192006764
NA NA
174.771631213548 -41.2464145908283
174.774695309909 -41.2910192006764
NA NA
174.831779294821 -36.9021211345657
174.768239147375 -36.8473685318288
NA NA
174.777980522584 -36.8567926110437
174.843067010895 -36.9604449313395
NA NA
174.809492967348 -41.1320440787065
174.774227343104 -41.2724644521323
NA NA
175.066434070416 -40.8659793429967
174.782803658407 -41.2920603374868
NA NA
174.821052606917 -36.8923091197469
174.843067010895 -36.9604449313395
NA NA
174.950503231042 -41.2094648608477
174.774227343104 -41.2724644521323
NA NA
174.613458263626 -36.8759544807935
174.757888266942 -36.843309395947
NA NA
175.369074648487 -41.0639004416368
174.775725930044 -41.2849344993157
NA NA
174.602205914751 -36.8600587409813
174.629284264228 -36.8896858041846
NA NA
174.833801439707 -41.1566644159228
174.782803658407 -41.2920603374868
NA NA
174.697457535809 -36.9033661340936
174.765249719116 -36.8477410359746
NA NA
174.613138786206 -36.8873806743293
174.762769143314 -36.847071038916
NA NA
174.707694086757 -36.8820462243478
174.777062988926 -36.868538887592
NA NA
174.628818213191 -36.9130199406523
174.776462940116 -36.8460198881885
NA NA
174.716900550879 -36.8895119084911
174.768239147375 -36.8473685318288
NA NA
174.926483847597 -37.0845646031993
174.776462940116 -36.8460198881885
NA NA
174.827172622375 -41.1740233425422
174.780072354186 -41.2969152403035
NA NA
174.827172622375 -41.1740233425422
174.782803658407 -41.2920603374868
NA NA
174.642533788156 -36.8995563844258
174.756591240391 -36.8485780685531
NA NA
175.027081311196 -40.8646333328295
174.774227343104 -41.2724644521323
NA NA
174.892636197095 -37.2159254858606
174.843067010895 -36.9604449313395
NA NA
174.829318185966 -36.8938829441313
174.765249719116 -36.8477410359746
NA NA
174.785927557003 -36.8700874324887
174.768239147375 -36.8473685318288
NA NA
174.920801948977 -37.0124769952188
174.776462940116 -36.8460198881885
NA NA
174.584629750512 -36.8648960706891
174.768239147375 -36.8473685318288
NA NA
174.8388454184 -36.9014870150119
174.776462940116 -36.8460198881885
NA NA
174.850072146313 -41.1516095877852
174.782803658407 -41.2920603374868
NA NA
174.604273434942 -36.8658992308219
174.777062988926 -36.868538887592
NA NA
174.977361255625 -41.1689162178471
174.787726387487 -41.2762482181292
NA NA
174.776025835202 -41.2531632040306
174.774227343104 -41.2724644521323
NA NA
175.186927625075 -40.8237978140317
174.775725930044 -41.2849344993157
NA NA
174.846505452691 -36.980081057907
174.840490187614 -36.914852217626
NA NA
174.921129408787 -37.0406850561778
174.762769143314 -36.847071038916
NA NA
174.877995946934 -37.0188881244892
174.765249719116 -36.8477410359746
NA NA
174.919795111406 -36.8932036389499
174.768239147375 -36.8473685318288
NA NA
174.858006588625 -36.9746174608254
174.869475279177 -36.9913899079519
NA NA
174.993381638088 -40.8948391829386
174.775725930044 -41.2849344993157
NA NA
175.526839390031 -41.0194344654843
174.787726387487 -41.2762482181292
NA NA
174.571068236821 -36.8810949964633
174.776462940116 -36.8460198881885
NA NA
174.858006588625 -36.9746174608254
174.822589135064 -36.9199981113009
NA NA
174.60468089903 -36.8718904429227
174.762769143314 -36.847071038916
NA NA
174.745951459176 -36.8747643678481
174.768239147375 -36.8473685318288
NA NA
175.076264909269 -41.1271117223585
174.775725930044 -41.2849344993157
NA NA
174.602205914751 -36.8600587409813
174.776462940116 -36.8460198881885
NA NA
174.655836706408 -36.9294762180752
174.762769143314 -36.847071038916
NA NA
174.890121734374 -36.9856325111011
174.762769143314 -36.847071038916
NA NA
174.942818853213 -37.0654230522806
174.843067010895 -36.9604449313395
NA NA
174.913098407286 -36.9641304855502
174.757888266942 -36.843309395947
NA NA
174.785465172341 -41.2435097971492
174.775725930044 -41.2849344993157
NA NA
174.917585897038 -36.9759679661091
174.776462940116 -36.8460198881885
NA NA
174.731974428766 -36.8731261217499
174.806124642322 -36.8989711704364
NA NA
174.685965708765 -36.9074846676529
174.776462940116 -36.8460198881885
NA NA
175.017682738262 -41.1684486681971
174.775725930044 -41.2849344993157
NA NA
174.839171899621 -36.9693007360619
174.776462940116 -36.8460198881885
NA NA
175.027081311196 -40.8646333328295
174.774695309909 -41.2910192006764
NA NA
174.6490369756 -36.8920903878018
174.776462940116 -36.8460198881885
NA NA
174.643298121217 -36.9174766997131
174.769064684187 -36.8514305649499
NA NA
174.837558485976 -36.9814086776389
174.757888266942 -36.843309395947
NA NA
174.695627492586 -36.8895457722687
174.768239147375 -36.8473685318288
NA NA
174.67180630063 -36.9179321696142
174.768239147375 -36.8473685318288
NA NA
174.613138786206 -36.8873806743293
174.757888266942 -36.843309395947
NA NA
174.833801439707 -41.1566644159228
174.774227343104 -41.2724644521323
NA NA
174.862668195735 -36.9327230062577
174.762769143314 -36.847071038916
NA NA
175.581454677505 -41.0381448918657
174.775725930044 -41.2849344993157
NA NA
174.842588013331 -36.8888651469195
174.762769143314 -36.847071038916
NA NA
174.642533788156 -36.8995563844258
174.762769143314 -36.847071038916
NA NA
174.571068236821 -36.8810949964633
174.777062988926 -36.868538887592
NA NA
174.940680729831 -41.2613999769838
174.787726387487 -41.2762482181292
NA NA
174.88725425196 -41.229675970817
174.787726387487 -41.2762482181292
NA NA
174.792957097414 -36.8915767566304
174.765249719116 -36.8477410359746
NA NA
174.731974428766 -36.8731261217499
174.762769143314 -36.847071038916
NA NA
174.796489809628 -36.9186386618762
174.776462940116 -36.8460198881885
NA NA
174.984730585792 -40.8919556269186
174.787726387487 -41.2762482181292
NA NA
174.682278319492 -36.9138000266716
174.777062988926 -36.868538887592
NA NA
175.113152896419 -41.0859601295419
174.774227343104 -41.2724644521323
NA NA
174.723396656675 -36.8834503439522
174.777062988926 -36.868538887592
NA NA
174.959185343726 -41.184923381954
174.906648688234 -41.2087223647757
NA NA
174.926483847597 -37.0845646031993
174.777062988926 -36.868538887592
NA NA
175.113152896419 -41.0859601295419
174.787726387487 -41.2762482181292
NA NA
174.717653077721 -36.8748147137862
174.768239147375 -36.8473685318288
NA NA
174.846810657427 -36.9894551113244
174.862436707993 -37.0082826349109
NA NA
174.717653077721 -36.8748147137862
174.759640826964 -36.8646261257344
NA NA
175.324296714746 -41.1161096430509
174.775725930044 -41.2849344993157
NA NA
174.879903071502 -41.208409783203
174.774227343104 -41.2724644521323
NA NA
174.723396656675 -36.8834503439522
174.776462940116 -36.8460198881885
NA NA
174.81690066648 -41.1814775354904
174.775725930044 -41.2849344993157
NA NA
174.868826761695 -36.9181902108839
174.756591240391 -36.8485780685531
NA NA
174.804006492025 -36.8684808075084
174.776462940116 -36.8460198881885
NA NA
174.920552576357 -41.2149959336925
174.869694439324 -41.223623561663
NA NA
174.657029594556 -36.9076822456252
174.762769143314 -36.847071038916
NA NA
174.762769143314 -36.847071038916
174.777062988926 -36.868538887592
NA NA
174.891072682637 -41.1171713402428
174.775725930044 -41.2849344993157
NA NA
